{"model": {"mu_w": [0.32312060801068887, -0.2092195298226284, -0.11206769852402557, -0.6139240794925778, -0.8716412068726844, 0.017401079078333367, 0.10826808135309034, -0.06702278132593492, 0.6974916555355826, -0.15921793488434782, 0.15931950622467014, -0.11671566213400415, -0.07511631781896853, 0.362588815853505, -0.3399861671042616, -0.07364088853970559, 0.09951851574800533, -0.02856713971350668, 1.5320077593548689, 0.3269638502229233, -0.19125966085813698, -0.012346997950708571, 0.027065476311583715, 0.15463742503791592, -0.11825434673745501, 0.170886913739233, 0.1910697620202596, -0.07759587103673063, -0.7697986624248234, 0.12810880923714257, -0.025965979910031224, -0.6242218543250875, -0.3918584243694717, 0.9696959395894748, -2.341512009058486], "Sigma_y": [[0.0001398348759058018, 0.0, 0.0, 0.0, 0.0, 0.0, 0.0], [0.0, 2.030857711518971e-05, 0.0, 0.0, 0.0, 0.0, 0.0], [0.0, 0.0, 2.7017993461820942e-05, 0.0, 0.0, 0.0, 0.0], [0.0, 0.0, 0.0, 9.303940218017934e-05, 0.0, 0.0, 0.0], [0.0, 0.0, 0.0, 0.0, 0.00015922552315276534, 0.0, 0.0], [0.0, 0.0, 0.0, 0.0, 0.0, 0.00031590231087080594, 0.0], [0.0, 0.0, 0.0, 0.0, 0.0, 0.0, 0.0009386386546223474]], "Sigma_w": [[0.007581385795904886, -0.008802140427619587, 0.003053452253962267, 0.01421764340915628, -0.011664644472943915, -0.00019253506713103546, 0.00039988943010996913, -0.00029349583188639566, 0.0002421512550616819, 0.0003289402779080397, 0.000293430350716521, -0.0005264431631559103, 0.00026101776029024704, 0.0003767508538187241, -0.0006541811991992187, -0.0004375622344129401, 0.0011265683058973887, -0.00046361276347016515, -0.00018444012652039506, -0.0007579105878663849, -0.00011078137560919202, 0.0003621507493269269, 0.00039347454134798835, 0.000983093700198813, -0.0006371185910135589, 0.0020042276194437198, -0.002121025413479061, 0.0012689625740096677, -0.0013101817925467905, 0.0015355842997770252, 0.0024633299938656076, -0.0033933131124701654, 0.0013839137836794213, -0.0023505240419415025, 0.0018368945457268528], [-0.008802140427619587, 0.02503098705909915, -0.005135941851621779, -0.03031668334577346, 0.028917926560038793, -0.00028766251788963975, -0.0008362163029275132, 0.0011239186069373218, -0.0012889726080523955, 0.0006563962327282488, -0.00019199987111980052, 0.0009869633020905045, -0.0004221805585275007, -0.0004381950278906481, 0.0004993453285829763, 0.0018214056640896755, -0.0014005767710720807, 0.00019480094707185341, 0.0028355105625839363, -0.0016481645311441002, 0.0006252343138948365, -0.0013305797747667643, 0.0013567057058084687, -0.0017869328694327762, 0.0001857912086743537, -0.004245503489451126, 0.002970959425803391, -0.0017594348219880428, 0.0010437476785239601, -0.0013463321334271925, 0.000720255553966683, 0.004867137440503463, -0.0019280216279377108, 0.0014698701381812718, -0.0010993571404207905], [0.003053452253962267, -0.005135941851621779, 0.004025016072280246, 0.007969888236131931, -0.006516333184647186, -0.00024373077879334839, 0.000158999196943895, -0.0001763246876756707, -0.0003573816707792251, 0.0006227923956371598, 1.4818670639735676e-05, -0.0003265691155410321, 0.00013193839487936348, 0.00042950160336362766, -0.0006110755862059242, 6.544036691269438e-05, 0.0004016008841001151, -0.0003020082282257713, 0.0011092265070892623, -0.0014317917246604644, -0.0001244611399587916, 0.00024383624423370757, 0.0002827890893157285, 0.0006352091459655966, -4.811567711449525e-05, 0.0007420793759203575, -0.000883594393765952, 0.0007925052746347355, -0.0010685655268120064, 0.0009767507328304471, 0.002342993280218455, -0.0014735705945782122, 0.0009686922093165638, -0.002147312935225916, 0.0013750504446688894], [0.01421764340915628, -0.03031668334577346, 0.007969888236131931, 0.0882496062978615, -0.0718020002264109, -0.00026617892447696487, 0.0011260607003141378, -0.0011628301219825856, 0.001018086918324588, 0.0005303373071563646, 0.0003257036013927779, -0.0010618911745057659, 0.0003932022464097493, 0.002422170887661297, -0.0028943762311199675, -0.0009422210346617349, 0.0015748938491460009, 0.0006609448974270813, -0.002603978747077935, -0.0003855682940302553, -0.00022413388879858557, 0.0024664050673849497, -0.002363684688550153, 0.004969737939371451, -0.00026795210603495665, 0.004881519069692246, -0.005716440823107646, 0.004247351291665753, -0.0012567762744058607, 0.00047297501765379584, 0.0015063195018659092, -0.004698985042114584, 0.0035259990747556554, -0.007639399261994484, 0.004586450391149457], [-0.011664644472943915, 0.028917926560038793, -0.006516333184647186, -0.0718020002264109, 0.07032271251435211, -0.00020191959059229873, -0.0007802552138989577, 0.0012472580662763071, -0.0024264785975284704, 0.0006926328801516303, -7.826077510062717e-05, 0.0009712305147402291, -0.0003995067830401974, -0.002252727780154159, 0.0017094663194979916, 0.0021392892109790684, -0.001951659945219889, -0.0008356596550695071, 0.0058188288375568085, -0.0035933183711056075, -0.0004882274301967249, -0.0027865262447132394, 0.002660106394502309, -0.004924440869296519, 0.0010499241718000105, -0.005513195928325134, 0.005895254773837238, -0.003410658874862072, -0.0007923460527612854, 0.0018017060997613443, 0.0020226583566556027, 0.0043583441405076325, -0.002170215050618732, 0.004378560931369313, -0.0023920596846252265], [-0.00019253506713103546, -0.00028766251788963975, -0.00024373077879334839, -0.00026617892447696487, -0.00020191959059229873, 0.003956414543063212, -0.00029814956245565003, -0.0008188288136351151, 0.007882032193871857, -0.008740131130956959, -6.0791720976359006e-05, 9.905539512420792e-05, -1.0076245742957994e-05, -0.00025218537009521455, 0.000620644741640137, -0.0008954286530938864, 0.00020544636009190565, 0.00012293951733214023, -0.002483495061328313, 0.002615390462780725, 7.126945329818011e-07, 0.00022689605792643115, -0.0007113551996893547, -0.00012398180806440134, 4.679825852302049e-05, 0.0008028686150255653, -0.0001269196951064478, -0.00031349691763389717, 0.0010312030244313886, -0.0008590823547386463, -0.0036566230686791365, 0.0004074328291889962, -0.0007226201160734305, 0.0026211916692095516, -0.0019812378582042605], [0.00039988943010996913, -0.0008362163029275132, 0.000158999196943895, 0.0011260607003141378, -0.0007802552138989577, -0.00029814956245565003, 0.0031540980832858393, -0.002352137063022212, 0.00045443989040478425, 0.0003437968192811854, 9.556630486567372e-05, -0.00033596425328388276, 0.000161926873045544, 1.5623858792085154e-05, -0.0002862325423215244, -0.0003812799812473637, 0.0002193038359280158, -6.419884619607809e-05, -4.5390512593729565e-05, -0.0004278841812461243, -0.0004056166733100463, 0.0002897316709173814, -0.0004820778657006724, 0.0004690892234549968, 4.560529319480442e-05, 0.001051736407146912, -0.0005949404688243126, 0.0004867820252557422, -0.0007261442063119381, 0.0009204571113439838, 0.0005275842740670807, -0.0016849622445311492, 0.0007462653911819095, -0.0008191498987491505, 0.0007318718143831063], [-0.00029349583188639566, 0.0011239186069373218, -0.0001763246876756707, -0.0011628301219825856, 0.0012472580662763071, -0.0008188288136351151, -0.002352137063022212, 0.004901432496716184, -0.004233436001519701, 0.0026584690119662515, -2.1343946786378273e-05, 0.0003547477588838705, -6.1015607334360535e-05, -5.0036768497989034e-05, -4.969791170820894e-05, 0.0005245240726790902, -0.0002370980387290423, -0.00015313052230887307, 0.0012219843819944497, -0.0010484875916000028, 0.00020898014501939544, -0.0004957255956729313, 0.0006322789541158405, -0.0005831882244366326, 0.0001587853840993878, -0.0012103497145656225, 0.0006513851154645966, -0.0004260262749436788, 0.0001246553273528551, -4.7793484702593533e-05, 6.579058914432293e-05, 0.0018583187229311141, -0.000893999484726386, 0.0007041695778511014, -0.0007286721629248878], [0.0002421512550616819, -0.0012889726080523955, -0.0003573816707792251, 0.001018086918324588, -0.0024264785975284704, 0.007882032193871857, 0.00045443989040478425, -0.004233436001519701, 0.024737525940940273, -0.020392646348394647, -6.170976615269505e-06, -9.572723394416879e-05, 8.584204632216379e-05, 1.802379252265399e-05, 0.001099291308793164, -0.0025655417800549323, 0.0015684827462043127, 0.0002487071862552231, -0.007302546644877964, 0.006998145527781644, 0.0004275001043848455, 0.0011585538210014989, -0.001467067461890949, 0.0011596390216257408, -0.0010700098896684817, 0.003667600473834055, -0.002604385973528407, 0.00043518485919770433, 0.002291070056049865, -0.002329461792115627, -0.006986345497999163, -0.001775293831533091, -0.0006832502288799507, 0.004095323408304471, -0.0030671947927483714], [0.0003289402779080397, 0.0006563962327282488, 0.0006227923956371598, 0.0005303373071563646, 0.0006926328801516303, -0.008740131130956959, 0.0003437968192811854, 0.0026584690119662515, -0.020392646348394647, 0.021900646639962985, 0.00017697749695660153, -0.0002458594420775405, 0.0001025515980809504, 0.0005775574730078932, -0.0015212980640786136, 0.002148719126820222, -0.0006221331888524729, -0.0003145451999082203, 0.006333769026951956, -0.00658830360616818, 7.043331419329801e-05, -0.0006056812900541743, 0.0018110138420279588, -9.742166545078545e-05, 0.0003203931861859155, -0.002165754966206867, 0.00047725382138825794, 0.0005939854480938507, -0.00243257098600461, 0.0021448786078228817, 0.008088300545007782, 4.540303910798514e-05, 0.001124848536598785, -0.005702539448790863, 0.004341034523741213], [0.000293430350716521, -0.00019199987111980052, 1.4818670639735676e-05, 0.0003257036013927779, -7.826077510062717e-05, -6.0791720976359006e-05, 9.556630486567372e-05, -2.1343946786378273e-05, -6.170976615269505e-06, 0.00017697749695660153, 0.0019270435425297878, -0.0011798998294046765, 0.0007960162855529476, -0.000185749623485445, -0.0011554526280658723, 1.912729459633556e-05, 0.00034653017459572585, -0.00017050513818567148, 0.0001170528734548505, -0.0004209284133112629, 8.154892379187223e-05, -7.500527651038245e-05, 0.0005066368035193385, -0.00010375600171697381, -0.0001602471593805418, 0.00036605583423562964, -0.0006192311382860328, 0.00029268903779299855, -0.00045227381386308565, 0.0006328724925290804, 0.0008873604181482918, -0.0007511847572656087, 0.00015436655350139063, -0.0005458908458495182, 0.0006700101749341661], [-0.0005264431631559103, 0.0009869633020905045, -0.0003265691155410321, -0.0010618911745057659, 0.0009712305147402291, 9.905539512420792e-05, -0.00033596425328388276, 0.0003547477588838705, -9.572723394416879e-05, -0.0002458594420775405, -0.0011798998294046765, 0.0041099911203254505, -0.0020668183030574786, -0.0013557746371295777, 0.0025917049632629115, 0.0004604510040386805, -0.0005431547776141705, 0.0001689659203605261, -4.911401593824705e-05, 0.0004913738460803188, 0.00012838923892038821, -0.0004160362387733602, 2.6458436875594857e-05, -0.0005593471048512238, 0.00018123864042216808, -0.0014125870918278859, 0.0012269670381431152, -0.0007332444071259427, 0.0008682586817687349, -0.0008808705378362885, -0.0012912585140546255, 0.0021296122005613686, -0.000706409300497503, 0.0012700903056548367, -0.001212357947405685], [0.00026101776029024704, -0.0004221805585275007, 0.00013193839487936348, 0.0003932022464097493, -0.0003995067830401974, -1.0076245742957994e-05, 0.000161926873045544, -6.1015607334360535e-05, 8.584204632216379e-05, 0.0001025515980809504, 0.0007960162855529476, -0.0020668183030574786, 0.0018163192555614935, 0.0005781143369397433, -0.00127506569975015, -0.0004087002409223551, 0.00032329311221197853, -0.00010973733622207784, -3.9840258492037276e-05, -0.00023806941431722464, 2.4642061960523872e-05, 0.00021603522633697485, -1.8584593678940393e-05, 0.00019834474618905302, -3.2760395684523725e-05, 0.000782097016690926, -0.0007247097476654597, 0.00028261911914228915, -0.0003055613486404912, 0.00040348125309132505, 4.962910635500408e-05, -0.0006985346694941509, -0.00011400161825468997, -6.225711689833434e-05, 0.0002234431133005203], [0.0003767508538187241, -0.0004381950278906481, 0.00042950160336362766, 0.002422170887661297, -0.002252727780154159, -0.00025218537009521455, 1.5623858792085154e-05, -5.0036768497989034e-05, 1.802379252265399e-05, 0.0005775574730078932, -0.000185749623485445, -0.0013557746371295777, 0.0005781143369397433, 0.008443396808998067, -0.0078195788730466, 9.934165621647815e-05, 0.0005196445865231621, 6.35198192489249e-05, 6.076939951878538e-05, -0.0006672613975440595, 0.0003979421784995894, 0.0005853492336803095, 9.86891940178419e-06, 0.001513297179225928, -0.0003482442201825933, 0.0007616752646100796, -0.001680799905851961, 0.001166966009477484, -0.0001586033206437511, -0.000352831603476566, 0.0015546640484812072, -0.0005855562982498138, 0.0007087194632171836, -0.0027512740410633903, 0.001472303671111343], [-0.0006541811991992187, 0.0004993453285829763, -0.0006110755862059242, -0.0028943762311199675, 0.0017094663194979916, 0.000620644741640137, -0.0002862325423215244, -4.969791170820894e-05, 0.001099291308793164, -0.0015212980640786136, -0.0011554526280658723, 0.0025917049632629115, -0.00127506569975015, -0.0078195788730466, 0.01350272624555829, -0.0008204137146515561, -0.00023403799263971712, 0.00024462914748809303, -0.0027855984706393606, 0.0038105025456607266, 0.00013909837385951156, -0.00018798463756813065, -0.0004082390935127746, -0.00125429799643092, -0.00012102869556152837, -0.00019798918304039868, 0.0012177399427475682, -0.001403708602616601, 0.001747167555561097, -0.0016620167434104175, -0.0045205494511117985, 0.0011936847898230683, -0.0015286159846015102, 0.004736271421018373, -0.002981443844809921], [-0.0004375622344129401, 0.0018214056640896755, 6.544036691269438e-05, -0.0009422210346617349, 0.0021392892109790684, -0.0008954286530938864, -0.0003812799812473637, 0.0005245240726790902, -0.0025655417800549323, 0.002148719126820222, 1.912729459633556e-05, 0.0004604510040386805, -0.0004087002409223551, 9.934165621647815e-05, -0.0008204137146515561, 0.02499082989517035, -0.013907559661561205, 0.0009078840296081113, 0.04762490792073607, -0.04335246343277857, 0.00013654278004445974, -0.0013693634316825011, 0.001780022258023991, -0.001185530992478598, 0.0005479209578989377, -0.004641158942640446, 0.002893812223294905, -0.0007494544543608048, -0.0010456964256954687, 0.0008828695823002137, 0.006657753039740553, 0.0026514007859189726, 0.0006990082334682357, -0.004339441491312127, 0.0032188287306435526], [0.0011265683058973887, -0.0014005767710720807, 0.0004016008841001151, 0.0015748938491460009, -0.001951659945219889, 0.00020544636009190565, 0.0002193038359280158, -0.0002370980387290423, 0.0015684827462043127, -0.0006221331888524729, 0.00034653017459572585, -0.0005431547776141705, 0.00032329311221197853, 0.0005196445865231621, -0.00023403799263971712, -0.013907559661561205, 0.02560071212393421, -0.00968031963874766, -0.023641928361814203, 0.014676536187238926, 1.438632106021202e-05, 0.000983648134934961, 0.0010104306065475037, 0.001563118415521252, -0.0013617688672337594, 0.00525813073548501, -0.005143161139268202, 0.0027323439917685613, -0.00171279352392141, 0.0014079940227627165, 0.00028304115433303945, -0.005248419167398628, 0.0013155464741936714, -0.00029071565178176233, -0.00021568772139297774], [-0.00046361276347016515, 0.00019480094707185341, -0.0003020082282257713, 0.0006609448974270813, -0.0008356596550695071, 0.00012293951733214023, -6.419884619607809e-05, -0.00015313052230887307, 0.0002487071862552231, -0.0003145451999082203, -0.00017050513818567148, 0.0001689659203605261, -0.00010973733622207784, 6.35198192489249e-05, 0.00024462914748809303, 0.0009078840296081113, -0.00968031963874766, 0.009000856367018686, -0.008824411069872588, 0.011621210211845737, 0.00041058259589038743, 0.00025822632922419713, -0.0012878294756393396, 0.00014112144794125114, 0.00026435039595367176, -0.001406430859520351, 0.0012488937695190494, -0.0008996121177727452, 0.0019219954344120516, -0.0023074357363143325, -0.002349339063344193, 0.0023832723287066, -0.0009698701805255753, 0.0006452817143951805, -0.00015970283133888834], [-0.00018444012652039506, 0.0028355105625839363, 0.0011092265070892623, -0.002603978747077935, 0.0058188288375568085, -0.002483495061328313, -4.5390512593729565e-05, 0.0012219843819944497, -0.007302546644877964, 0.006333769026951956, 0.0001170528734548505, -4.911401593824705e-05, -3.9840258492037276e-05, 6.076939951878538e-05, -0.0027855984706393606, 0.04762490792073607, -0.023641928361814203, -0.008824411069872588, 0.1456162259650778, -0.14130179071225504, -0.0010443975013117556, -0.0026140823658317943, 0.004206469595964353, -0.0024761687999838326, 0.0021148839159129632, -0.007533936854080624, 0.004932239807628764, -0.00028981839732432064, -0.006543885566204448, 0.006492394544592927, 0.018512044263690384, 0.0023227595799145185, 0.0021503757466977877, -0.010590701255251366, 0.007993485478378932], [-0.0007579105878663849, -0.0016481645311441002, -0.0014317917246604644, -0.0003855682940302553, -0.0035933183711056075, 0.002615390462780725, -0.0004278841812461243, -0.0010484875916000028, 0.006998145527781644, -0.00658830360616818, -0.0004209284133112629, 0.0004913738460803188, -0.00023806941431722464, -0.0006672613975440595, 0.0038105025456607266, -0.04335246343277857, 0.014676536187238926, 0.011621210211845737, -0.14130179071225504, 0.14811059504681925, 0.0012497068012874161, 0.0020976225314058273, -0.00408292086976738, 0.0010987826761958274, -0.0017626805702382513, 0.00533468787216447, -0.0025255058474273643, -0.0012430724276454917, 0.007713902405579811, -0.007976989938898074, -0.019848077397572148, 0.00042691772077672077, -0.0034075943716629013, 0.012898290523181786, -0.009445120229934708], [-0.00011078137560919202, 0.0006252343138948365, -0.0001244611399587916, -0.00022413388879858557, -0.0004882274301967249, 7.126945329818011e-07, -0.0004056166733100463, 0.00020898014501939544, 0.0004275001043848455, 7.043331419329801e-05, 8.154892379187223e-05, 0.00012838923892038821, 2.4642061960523872e-05, 0.0003979421784995894, 0.00013909837385951156, 0.00013654278004445974, 1.438632106021202e-05, 0.00041058259589038743, -0.0010443975013117556, 0.0012497068012874161, 0.010638319779941573, 3.299603487788837e-05, 0.005661621690080444, -0.000173908962991899, -0.004936792354601474, -0.0009072915680826508, -0.00041190442513857733, -0.0004430867029474531, 0.0016994862995359503, -0.0020235116327046586, -0.0005651835422531635, 0.0018095356030966958, -0.001401649492675427, 0.00017958357604926992, 0.00022900988752464844], [0.0003621507493269269, -0.0013305797747667643, 0.00024383624423370757, 0.0024664050673849497, -0.0027865262447132394, 0.00022689605792643115, 0.0002897316709173814, -0.0004957255956729313, 0.0011585538210014989, -0.0006056812900541743, -7.500527651038245e-05, -0.0004160362387733602, 0.00021603522633697485, 0.0005853492336803095, -0.00018798463756813065, -0.0013693634316825011, 0.000983648134934961, 0.00025822632922419713, -0.0026140823658317943, 0.0020976225314058273, 3.299603487788837e-05, 0.011070656817093048, -0.010170761737436803, 0.014271502805274979, -0.0026988378522698536, 0.0029908384582034214, -0.002577262502520963, 0.001437667058730755, 0.00014192016058220825, -0.0009508372862895798, -0.0021231316495195053, -0.001853698254771115, 0.00036891514356647705, 1.4162654363879491e-05, -0.00024266310824402245], [0.00039347454134798835, 0.0013567057058084687, 0.0002827890893157285, -0.002363684688550153, 0.002660106394502309, -0.0007113551996893547, -0.0004820778657006724, 0.0006322789541158405, -0.001467067461890949, 0.0018110138420279588, 0.0005066368035193385, 2.6458436875594857e-05, -1.8584593678940393e-05, 9.86891940178419e-06, -0.0004082390935127746, 0.001780022258023991, 0.0010104306065475037, -0.0012878294756393396, 0.004206469595964353, -0.00408292086976738, 0.005661621690080444, -0.010170761737436803, 0.033807575910286505, -0.011431441926216816, -0.006248621706069655, -0.0011690239219328297, -0.0008393549259504486, 0.0006107899723017533, -0.0023415536077707098, 0.00237448118173811, 0.00744890669099683, -0.000958650640572941, 0.0005208231767469011, -0.0030670616645125997, 0.0026326928047441024], [0.000983093700198813, -0.0017869328694327762, 0.0006352091459655966, 0.004969737939371451, -0.004924440869296519, -0.00012398180806440134, 0.0004690892234549968, -0.0005831882244366326, 0.0011596390216257408, -9.742166545078545e-05, -0.00010375600171697381, -0.0005593471048512238, 0.00019834474618905302, 0.001513297179225928, -0.00125429799643092, -0.001185530992478598, 0.001563118415521252, 0.00014112144794125114, -0.0024761687999838326, 0.0010987826761958274, -0.000173908962991899, 0.014271502805274979, -0.011431441926216816, 0.028925230495276545, -0.008097992769759543, 0.0038725931643743745, -0.00403386699226202, 0.0026578516254221578, -0.00047838558203059056, -0.0005156463147892724, 0.0005979619220458139, -0.003924896812474136, 0.002112325547233987, -0.003549913067168453, 0.0016878582317451582], [-0.0006371185910135589, 0.0001857912086743537, -4.811567711449525e-05, -0.00026795210603495665, 0.0010499241718000105, 4.679825852302049e-05, 4.560529319480442e-05, 0.0001587853840993878, -0.0010700098896684817, 0.0003203931861859155, -0.0001602471593805418, 0.00018123864042216808, -3.2760395684523725e-05, -0.0003482442201825933, -0.00012102869556152837, 0.0005479209578989377, -0.0013617688672337594, 0.00026435039595367176, 0.0021148839159129632, -0.0017626805702382513, -0.004936792354601474, -0.0026988378522698536, -0.006248621706069655, -0.008097992769759543, 0.013134464765693646, -0.0017003570304285802, 0.0022064371389274857, -0.0008262963918537525, -0.00016993756692813196, 0.00046229256950014425, -0.0013694795532078437, 0.00292207058488557, -0.0007713875364400535, 0.0010427826954469564, -0.0009449362769787186], [0.0020042276194437198, -0.004245503489451126, 0.0007420793759203575, 0.004881519069692246, -0.005513195928325134, 0.0008028686150255653, 0.001051736407146912, -0.0012103497145656225, 0.003667600473834055, -0.002165754966206867, 0.00036605583423562964, -0.0014125870918278859, 0.000782097016690926, 0.0007616752646100796, -0.00019798918304039868, -0.004641158942640446, 0.00525813073548501, -0.001406430859520351, -0.007533936854080624, 0.00533468787216447, -0.0009072915680826508, 0.0029908384582034214, -0.0011690239219328297, 0.0038725931643743745, -0.0017003570304285802, 0.09349370865205935, -0.07610881072998606, 0.04187225613303879, -0.021940512001896593, 0.015482284617570308, -0.003749358018401019, -0.010459911403915377, 0.0025844178236622654, 0.0011271981054135332, -0.0015270921092781066], [-0.002121025413479061, 0.002970959425803391, -0.000883594393765952, -0.005716440823107646, 0.005895254773837238, -0.0001269196951064478, -0.0005949404688243126, 0.0006513851154645966, -0.002604385973528407, 0.00047725382138825794, -0.0006192311382860328, 0.0012269670381431152, -0.0007247097476654597, -0.001680799905851961, 0.0012177399427475682, 0.002893812223294905, -0.005143161139268202, 0.0012488937695190494, 0.004932239807628764, -0.0025255058474273643, -0.00041190442513857733, -0.002577262502520963, -0.0008393549259504486, -0.00403386699226202, 0.0022064371389274857, -0.07610881072998606, 0.08100894324481106, -0.04511565815366135, 0.02150765729205316, -0.009982954804854812, -0.0007519437550322995, 0.00852400707712453, -0.002220646719522292, 0.002659471154407841, -0.0013484299103866896], [0.0012689625740096677, -0.0017594348219880428, 0.0007925052746347355, 0.004247351291665753, -0.003410658874862072, -0.00031349691763389717, 0.0004867820252557422, -0.0004260262749436788, 0.00043518485919770433, 0.0005939854480938507, 0.00029268903779299855, -0.0007332444071259427, 0.00028261911914228915, 0.001166966009477484, -0.001403708602616601, -0.0007494544543608048, 0.0027323439917685613, -0.0008996121177727452, -0.00028981839732432064, -0.0012430724276454917, -0.0004430867029474531, 0.001437667058730755, 0.0006107899723017533, 0.0026578516254221578, -0.0008262963918537525, 0.04187225613303879, -0.04511565815366135, 0.03275757674492144, -0.026225225985732677, 0.01659123186558506, 0.0035535614219561465, -0.005638255242428043, 0.002792632313241499, -0.004165597582979564, 0.0022640221592928962], [-0.0013101817925467905, 0.0010437476785239601, -0.0010685655268120064, -0.0012567762744058607, -0.0007923460527612854, 0.0010312030244313886, -0.0007261442063119381, 0.0001246553273528551, 0.002291070056049865, -0.00243257098600461, -0.00045227381386308565, 0.0008682586817687349, -0.0003055613486404912, -0.0001586033206437511, 0.001747167555561097, -0.0010456964256954687, -0.00171279352392141, 0.0019219954344120516, -0.006543885566204448, 0.007713902405579811, 0.0016994862995359503, 0.00014192016058220825, -0.0023415536077707098, -0.00047838558203059056, -0.00016993756692813196, -0.021940512001896593, 0.02150765729205316, -0.026225225985732677, 0.05381073857954651, -0.05258687992888855, -0.010351853821764831, 0.006520319582782518, -0.004055267798875082, 0.006372016495802832, -0.004371290646308197], [0.0015355842997770252, -0.0013463321334271925, 0.0009767507328304471, 0.00047297501765379584, 0.0018017060997613443, -0.0008590823547386463, 0.0009204571113439838, -4.7793484702593533e-05, -0.002329461792115627, 0.0021448786078228817, 0.0006328724925290804, -0.0008808705378362885, 0.00040348125309132505, -0.000352831603476566, -0.0016620167434104175, 0.0008828695823002137, 0.0014079940227627165, -0.0023074357363143325, 0.006492394544592927, -0.007976989938898074, -0.0020235116327046586, -0.0009508372862895798, 0.00237448118173811, -0.0005156463147892724, 0.00046229256950014425, 0.015482284617570308, -0.009982954804854812, 0.01659123186558506, -0.05258687992888855, 0.06563380852928126, 0.009855598824991289, -0.006651992844045037, 0.003964436155203942, -0.005466434546474994, 0.003887249477668152], [0.0024633299938656076, 0.000720255553966683, 0.002342993280218455, 0.0015063195018659092, 0.0020226583566556027, -0.0036566230686791365, 0.0005275842740670807, 6.579058914432293e-05, -0.006986345497999163, 0.008088300545007782, 0.0008873604181482918, -0.0012912585140546255, 4.962910635500408e-05, 0.0015546640484812072, -0.0045205494511117985, 0.006657753039740553, 0.00028304115433303945, -0.002349339063344193, 0.018512044263690384, -0.019848077397572148, -0.0005651835422531635, -0.0021231316495195053, 0.00744890669099683, 0.0005979619220458139, -0.0013694795532078437, -0.003749358018401019, -0.0007519437550322995, 0.0035535614219561465, -0.010351853821764831, 0.009855598824991289, 0.2633776925672317, -0.07397511285652869, 0.06902944213796748, -0.18066384916904768, 0.13796820964498124], [-0.0033933131124701654, 0.004867137440503463, -0.0014735705945782122, -0.004698985042114584, 0.0043583441405076325, 0.0004074328291889962, -0.0016849622445311492, 0.0018583187229311141, -0.001775293831533091, 4.540303910798514e-05, -0.0007511847572656087, 0.0021296122005613686, -0.0006985346694941509, -0.0005855562982498138, 0.0011936847898230683, 0.0026514007859189726, -0.005248419167398628, 0.0023832723287066, 0.0023227595799145185, 0.00042691772077672077, 0.0018095356030966958, -0.001853698254771115, -0.000958650640572941, -0.003924896812474136, 0.00292207058488557, -0.010459911403915377, 0.00852400707712453, -0.005638255242428043, 0.006520319582782518, -0.006651992844045037, -0.07397511285652869, 0.14130637744299707, -0.060730684801498194, 0.059491058450274546, -0.04483709197391045], [0.0013839137836794213, -0.0019280216279377108, 0.0009686922093165638, 0.0035259990747556554, -0.002170215050618732, -0.0007226201160734305, 0.0007462653911819095, -0.000893999484726386, -0.0006832502288799507, 0.001124848536598785, 0.00015436655350139063, -0.000706409300497503, -0.00011400161825468997, 0.0007087194632171836, -0.0015286159846015102, 0.0006990082334682357, 0.0013155464741936714, -0.0009698701805255753, 0.0021503757466977877, -0.0034075943716629013, -0.001401649492675427, 0.00036891514356647705, 0.0005208231767469011, 0.002112325547233987, -0.0007713875364400535, 0.0025844178236622654, -0.002220646719522292, 0.002792632313241499, -0.004055267798875082, 0.003964436155203942, 0.06902944213796748, -0.060730684801498194, 0.04495051494420554, -0.0622148990166142, 0.03983582156696518], [-0.0023505240419415025, 0.0014698701381812718, -0.002147312935225916, -0.007639399261994484, 0.004378560931369313, 0.0026211916692095516, -0.0008191498987491505, 0.0007041695778511014, 0.004095323408304471, -0.005702539448790863, -0.0005458908458495182, 0.0012700903056548367, -6.225711689833434e-05, -0.0027512740410633903, 0.004736271421018373, -0.004339441491312127, -0.00029071565178176233, 0.0006452817143951805, -0.010590701255251366, 0.012898290523181786, 0.00017958357604926992, 1.4162654363879491e-05, -0.0030670616645125997, -0.003549913067168453, 0.0010427826954469564, 0.0011271981054135332, 0.002659471154407841, -0.004165597582979564, 0.006372016495802832, -0.005466434546474994, -0.18066384916904768, 0.059491058450274546, -0.0622148990166142, 0.16222034847668523, -0.11609493493731587], [0.0018368945457268528, -0.0010993571404207905, 0.0013750504446688894, 0.004586450391149457, -0.0023920596846252265, -0.0019812378582042605, 0.0007318718143831063, -0.0007286721629248878, -0.0030671947927483714, 0.004341034523741213, 0.0006700101749341661, -0.001212357947405685, 0.0002234431133005203, 0.001472303671111343, -0.002981443844809921, 0.0032188287306435526, -0.00021568772139297774, -0.00015970283133888834, 0.007993485478378932, -0.009445120229934708, 0.00022900988752464844, -0.00024266310824402245, 0.0026326928047441024, 0.0016878582317451582, -0.0009449362769787186, -0.0015270921092781066, -0.0013484299103866896, 0.0022640221592928962, -0.004371290646308197, 0.003887249477668152, 0.13796820964498124, -0.04483709197391045, 0.03983582156696518, -0.11609493493731587, 0.09391118779727888]]}, "num_joints": 7, "basis": {"params": [-1.3862943611198906, 0.25, 0.5, 0.75], "conf": [{"type": "sqexp", "conf": {"dim": 3}, "nparams": 4}, {"type": "poly", "conf": {"order": 1}, "nparams": 0}]}}