{"model": {"mu_w": [-0.1846956521891152, 0.09624954854287777, 0.12499619834804783, -1.523333182749336, 0.7360055672636827, -0.01551869508868898, -0.03294635871258377, 0.05428875920151799, 0.7677315276242752, 0.13867748820429648, -0.019581385003944875, -0.02494446335201803, 0.07029138449346937, -0.10021879824791721, 0.18045797697150087, 0.04005047478690156, 0.22521731502225822, -0.14772238024891746, 1.8581198904039338, -0.5345602298207646, 0.02258256644860734, 0.03355089800323142, -0.027206533779525702, -0.0994941620615859, -0.12468348925989736, -0.03907146422414067, -0.08824291796549812, 0.07390083892048135, -0.9302732577222935, 0.26792318337436744, 0.014502166275895385, 0.006113609409403357, -0.028678514469424345, -1.5595599037684178, -0.020676601799692156], "Sigma_y": [[6.111469498778089e-05, 0.0, 0.0, 0.0, 0.0, 0.0, 0.0], [0.0, 4.873716252789693e-06, 0.0, 0.0, 0.0, 0.0, 0.0], [0.0, 0.0, 6.977685779154367e-06, 0.0, 0.0, 0.0, 0.0], [0.0, 0.0, 0.0, 4.0157749437865196e-05, 0.0, 0.0, 0.0], [0.0, 0.0, 0.0, 0.0, 4.727992469147433e-05, 0.0, 0.0], [0.0, 0.0, 0.0, 0.0, 0.0, 6.958843010723826e-05, 0.0], [0.0, 0.0, 0.0, 0.0, 0.0, 0.0, 1.608859653501595e-05]], "Sigma_w": [[0.0031770315692417847, 0.00015731169707418712, 0.0021124753285989275, -0.0005380557210754804, 0.0013040905894123743, -0.0001022775757228927, 6.936826869481121e-05, -1.5259786875488176e-05, 6.333399080607513e-06, 0.00017311081947427048, -7.13535524905844e-05, 0.0002206418598956515, -7.608114631387641e-05, -8.425807804582591e-05, 1.5185401789394137e-05, 0.00016979677634126696, 2.140333079303364e-05, -0.0002015576845489164, 1.713017766690799e-05, -0.00043700215588949806, -9.487677385367216e-05, 2.4133038071500316e-05, -0.00023251863616833006, 0.00010384775879508691, 6.759138132715556e-05, -0.00019801611495608246, 6.27331917052752e-05, -9.003957047514177e-05, 2.466464978074387e-05, 0.00037332183317179336, 0.00019078653674539046, -0.00018520416920015737, 0.00020868964591229234, -0.00018265395732922524, -4.523261925617046e-05], [0.00015731169707418712, 0.005054319118175605, -0.0004995529628627679, -0.0045220881740172655, 0.002465465667506835, 3.301521630668148e-05, -0.00012719495329411738, 0.0001966642944679333, -0.00014782674956680732, 0.0002109962812222882, -5.847825505574746e-05, 9.902734643967148e-05, 2.0993162045433225e-05, 0.0002489552016005279, 0.00010668183179867653, -9.009411787380331e-05, 0.00044424840043458247, -0.0005573148041843102, 0.0002265148665906467, -0.0005008292208697354, 0.00012513632640923666, 6.041266304603939e-08, -3.3803908072222656e-05, -0.00026307106824124114, 2.1499086751829535e-05, -2.2111087411638575e-05, -0.000275759551084187, 0.0004291667519110412, -0.00018425866997642324, 0.0003465588157407739, 9.234788827009829e-05, -0.00010058501758834808, 0.00012004527873935821, -0.00025600779555424975, 1.4910866966013052e-05], [0.0021124753285989275, -0.0004995529628627679, 0.00257103546646905, 0.0021471004939586954, -0.0012994214775686082, -3.924077150139588e-05, 5.945023001527116e-05, -4.8097518439782665e-05, 4.8843143015384835e-06, 1.288708289669098e-05, -2.313865595345422e-05, 0.0001289565856916616, -9.889015969661686e-05, -0.0002190127285267227, -7.819013869495662e-05, 8.635724775701907e-05, -8.375471030609542e-05, -0.00010437016407027217, 2.3950037223814837e-05, 2.2531857346492006e-05, 9.294754878891621e-05, -0.00017023293821652867, -7.310157631890478e-06, 8.321960513227543e-05, 0.00014475519283852541, -3.910058463684944e-05, 5.760391337613734e-05, -7.302563667966573e-05, -4.174688468814365e-05, 6.912947235020978e-05, 2.359490157991433e-05, -7.194700886245964e-05, 0.00013329628897463906, 8.651711774519162e-06, -6.580755960983978e-06], [-0.0005380557210754804, -0.0045220881740172655, 0.0021471004939586954, 0.012492770644076367, -0.008597067615803708, 5.873263911970919e-05, 3.1634996378332314e-05, -0.00025295291448677236, 4.6643743648199986e-05, -0.00025068761570431705, 0.00011738428425510598, -0.0001842565685018592, -0.0001726954515946603, -0.0006789397356884682, -0.00021681390170344019, 0.00019557474130377084, -0.0005178731089111636, 0.0007767160655882744, -0.00018418171374465244, 0.0005569541808064628, 0.00036845333401680096, -0.000461270999016902, 0.0005624662484799677, 0.000515306091129208, -0.00014181236667489293, 9.144490890335785e-05, 0.000279114174830355, -0.0004555066225985402, -2.3368342430972204e-06, -0.0003300516501299187, -0.0003181834744637219, 0.00018727722265069897, -7.188521036566828e-05, 0.0005454785996879848, 1.6077596574640866e-05], [0.0013040905894123743, 0.002465465667506835, -0.0012994214775686082, -0.008597067615803708, 0.007915432689276294, -0.00010881126343189564, -5.153787023979008e-05, 0.00020048859221144614, -4.3852155333138645e-05, 0.000374198295863202, -0.000147996083268147, 0.0001997838081850857, 5.1392160070402034e-05, 0.0004615547943156188, 0.00013652264060527586, 6.008684240124899e-05, 0.0004103820994523057, -0.0004491642404226004, 0.0001323574093812164, -0.0010554541894341246, -0.0003142850708319082, 0.0003055031720344979, -0.00028834089552256647, -0.0002670829668159108, -7.550099799235882e-05, -0.0002808682735077806, -0.0001138800440992429, 0.00012485261884153152, 5.874673216720608e-06, 0.000744730675395785, 0.00036562441479711413, -0.00022106793413667183, 0.0001190175235419054, -0.0003626725466040537, -8.722319264907421e-05], [-0.0001022775757228927, 3.301521630668148e-05, -3.924077150139588e-05, 5.873263911970919e-05, -0.00010881126343189564, 0.0009445209467427899, -0.00047705889204087773, -9.758487827027689e-05, -9.829118215029036e-05, -0.0013501598087781587, 3.674762765914622e-05, -9.940599461341539e-05, -2.1309104887324475e-05, 1.2069338901762645e-05, -5.3390403535963585e-05, -0.00011214011680449554, -8.141315064367732e-06, 6.892117495675392e-05, 3.0010423290961367e-05, 0.00033883436027799867, 0.00015556954095985695, -8.543876384812954e-05, 0.0001716439355480971, -4.4691500478557864e-05, -5.2180864811806116e-05, 0.00018591212488807193, -9.720208385675896e-05, 8.164246528775411e-05, -0.00012317773229348272, -0.00020629256782426676, -0.0001359236945451627, 9.541084478724699e-05, -7.782729050055322e-05, 7.427666292063067e-05, 6.778297720055364e-05], [6.936826869481121e-05, -0.00012719495329411738, 5.945023001527116e-05, 3.1634996378332314e-05, -5.153787023979008e-05, -0.00047705889204087773, 0.0013724146698241466, -0.0008825508655195172, 0.0008228756757176405, -0.0010231034287389797, 2.2026979059563903e-05, 3.753474940021597e-05, 4.73872347445589e-05, -6.958873454805796e-05, 2.0442270007677412e-05, -4.309038759222459e-06, -0.00017044406242438978, 1.9274949028815137e-05, -9.890284604280517e-05, 0.00031846132814650826, -0.0001615546338059749, 0.00010967487149531173, -0.00026843681689431276, 6.150149282153305e-05, 0.00016852617607968098, -7.799465929143401e-06, 0.00011144743773627807, -8.201383364620551e-05, 0.0001561644111585014, -0.0002617072029153707, 1.5916741607276475e-05, -1.3436071198893169e-05, 6.101711133277079e-06, -4.1291885801142744e-05, -5.924387973575582e-06], [-1.5259786875488176e-05, 0.0001966642944679333, -4.8097518439782665e-05, -0.00025295291448677236, 0.00020048859221144614, -9.758487827027689e-05, -0.0008825508655195172, 0.0017560516930950104, -0.000986572607717285, 0.001907582048438622, -5.343538133440007e-05, 6.167578380530833e-05, 3.7296979491930296e-05, 0.00015332260144175592, 5.470802278991365e-05, -1.544049409089048e-05, 0.0002667100898949764, -0.00031407380162178696, 0.00012946360491559932, -0.00046125637034091397, 1.8958484077615195e-05, -1.8834506238241847e-05, 3.777743029481589e-05, -0.0002052101064234598, 5.199593318486257e-05, -0.00010351778807718221, -9.420244955098309e-05, 0.00019164282850491878, -4.4650899869032135e-05, 0.0002948213661220767, 9.603458269836002e-05, -6.110451837616456e-05, 4.819969126580247e-05, -7.190546100116039e-05, -4.696575142585074e-05], [6.333399080607513e-06, -0.00014782674956680732, 4.8843143015384835e-06, 4.6643743648199986e-05, -4.3852155333138645e-05, -9.829118215029036e-05, 0.0008228756757176405, -0.000986572607717285, 0.0009758363663346037, -0.0013623194709642423, 2.842742379066139e-05, -3.13646742801088e-05, 1.0232727740195811e-05, -2.904491920108756e-05, -2.1355417460371886e-05, -2.124552783932593e-05, -0.00017406789625661905, 0.0001654222803935337, -9.498648845683302e-05, 0.0003455440907464555, -0.00010093892303071775, 8.719214447844345e-05, -0.00011614902222093645, 7.518699019981667e-05, 1.4352043481684135e-05, 6.525968189213472e-05, 6.766249910479715e-05, -0.00011843888463250789, 7.140207195314955e-05, -0.00023893810458990678, -3.2792721656954586e-05, 3.45720333624495e-05, -5.0827041236718595e-05, 1.2040310282895594e-05, 2.4458490869376036e-05], [0.00017311081947427048, 0.0002109962812222882, 1.288708289669098e-05, -0.00025068761570431705, 0.000374198295863202, -0.0013501598087781587, -0.0010231034287389797, 0.001907582048438622, -0.0013623194709642423, 0.005609690745628016, -0.0001361446013645088, 0.00022042931492031044, -2.5932477186481662e-05, 0.00010557516448035755, 0.000130887356626074, 0.0002877555523648317, 0.0003657198640231331, -0.0003052512054285967, 0.00011617942085361244, -0.001460453839549084, -0.00011050004916441983, 4.994393508826533e-05, -4.324732193280806e-05, 4.402806002466867e-06, -0.00014410147421080967, -0.0004652887568518412, 1.783784095307042e-05, 2.3166321416852066e-07, 2.8734367905467447e-05, 0.0010079995141121002, 0.0003378370185513799, -0.0002499973205479737, 0.00022883587827288548, -0.00019401347813774957, -0.00015339764021011815], [-7.13535524905844e-05, -5.847825505574746e-05, -2.313865595345422e-05, 0.00011738428425510598, -0.000147996083268147, 3.674762765914622e-05, 2.2026979059563903e-05, -5.343538133440007e-05, 2.842742379066139e-05, -0.0001361446013645088, 0.0006571998975376434, -0.0009112724687568245, 0.0002905493646392404, -0.0005538946865985275, -0.00012846519785810373, -6.674036943044614e-05, -0.00011167662596538522, 0.00012655606983011483, -5.398321205554875e-05, 0.00039167267319801125, 2.366493143744122e-05, 1.0007500409224145e-06, 5.9356790801128994e-06, 3.560249856321723e-05, 2.3470291677477212e-05, 0.00011112629210542609, 1.4666473703297047e-05, -4.299664366033783e-06, 2.7261640361940776e-05, -0.00030144785183727546, -0.00010486082355529256, 7.891083782895117e-05, -7.21652363733114e-05, 6.608168463618354e-05, 3.5384500645045716e-05], [0.0002206418598956515, 9.902734643967148e-05, 0.0001289565856916616, -0.0001842565685018592, 0.0001997838081850857, -9.940599461341539e-05, 3.753474940021597e-05, 6.167578380530833e-05, -3.13646742801088e-05, 0.00022042931492031044, -0.0009112724687568245, 0.0025466523494703185, -0.00015990207702055014, 0.00010493467740528087, 0.0006647308482876004, 0.0001243811826889199, 0.00013675723772870805, -0.0003498638346305108, 6.272523160513879e-05, -0.0005514857590477824, -0.00011619636394545233, 4.365531968374156e-05, -0.00024124952549981976, -2.962242237748036e-05, 0.00013964096302036542, -0.00023204206198021345, 2.8680626165989468e-05, 2.8043423728619763e-05, 4.9521814059112785e-05, 0.00039972499685357675, 0.0002160563445737484, -0.00018683411059492418, 0.00019365075551207214, -0.00019748149542360598, -7.170589888130613e-05], [-7.608114631387641e-05, 2.0993162045433225e-05, -9.889015969661686e-05, -0.0001726954515946603, 5.1392160070402034e-05, -2.1309104887324475e-05, 4.73872347445589e-05, 3.7296979491930296e-05, 1.0232727740195811e-05, -2.5932477186481662e-05, 0.0002905493646392404, -0.00015990207702055014, 0.0020292563808698774, 0.0011655989285486148, 0.0014399566625129673, -8.300384326207893e-05, 1.5221952770546756e-05, -0.00013521740923254662, -5.485542828436209e-05, 0.00013887194336574974, -0.00021077228027225573, 0.00019542753242958455, -0.00028683999903788226, -0.000112549032162685, 0.00020856272524902, -5.350384665311894e-05, 5.22575139980996e-05, 0.00011485324773549586, 0.00022133061046203834, -0.0002591051583022254, 3.237948674888971e-05, 9.74834812505105e-06, -5.2271917747676636e-05, -6.644874359673731e-05, -4.17052689151277e-05], [-8.425807804582591e-05, 0.0002489552016005279, -0.0002190127285267227, -0.0006789397356884682, 0.0004615547943156188, 1.2069338901762645e-05, -6.958873454805796e-05, 0.00015332260144175592, -2.904491920108756e-05, 0.00010557516448035755, -0.0005538946865985275, 0.00010493467740528087, 0.0011655989285486148, 0.005478825048025611, 0.0013412404025720998, -0.0001659560943727345, 0.00032464857381689946, -0.00031892683300959964, 0.00010596119736456519, -0.00026396560158023296, -0.00017685335965262185, 0.0002935702010734378, -0.00020767793076508368, -0.00031531821020341997, -6.83392904883073e-05, 3.2022829178535565e-05, -0.0002233855455549008, 0.00028188756506540075, -5.685369072438351e-05, 0.00015189051543011497, 0.0001245615486496529, -4.32847916569925e-05, -4.283440660768972e-05, -0.00027929957601509033, 2.306199869828396e-05], [1.5185401789394137e-05, 0.00010668183179867653, -7.819013869495662e-05, -0.00021681390170344019, 0.00013652264060527586, -5.3390403535963585e-05, 2.0442270007677412e-05, 5.470802278991365e-05, -2.1355417460371886e-05, 0.000130887356626074, -0.00012846519785810373, 0.0006647308482876004, 0.0014399566625129673, 0.0013412404025720998, 0.002067331718778838, 3.343930751369896e-05, 0.00011424658319223866, -0.0001747674477377108, -3.332910087086042e-05, -0.0003302171772280109, -0.00022808006138813882, 0.00023959188910862905, -0.0003327331034251522, -1.6592533542011898e-05, 6.622949495307725e-05, -0.00017882344057344566, 3.4945636768087096e-05, 9.328217182787793e-05, 0.00019289505891805246, 9.331736017246928e-05, 0.0001349542633292949, -8.469108102056773e-05, 4.823306360542018e-05, -0.0001850373235570639, -6.108444793877448e-05], [0.00016979677634126696, -9.009411787380331e-05, 8.635724775701907e-05, 0.00019557474130377084, 6.008684240124899e-05, -0.00011214011680449554, -4.309038759222459e-06, -1.544049409089048e-05, -2.124552783932593e-05, 0.0002877555523648317, -6.674036943044614e-05, 0.0001243811826889199, -8.300384326207893e-05, -0.0001659560943727345, 3.343930751369896e-05, 0.003978577055981275, -1.7511839948535928e-05, 0.0017960752373933715, -0.0005946483910943913, -0.010420034256178481, -9.006323765832867e-05, -1.457798681958469e-05, 3.301871587118024e-05, 0.0002843909518647353, -0.0002040608466977864, -0.00037285825925457966, 0.000189667076479683, -0.0002995592276640319, 0.00010064061737854505, 0.0006691489624817863, 0.00019749828487435105, -0.00015309607754670473, 0.0001551547280191524, 4.818162636824066e-06, -0.000122148579478556], [2.140333079303364e-05, 0.00044424840043458247, -8.375471030609542e-05, -0.0005178731089111636, 0.0004103820994523057, -8.141315064367732e-06, -0.00017044406242438978, 0.0002667100898949764, -0.00017406789625661905, 0.0003657198640231331, -0.00011167662596538522, 0.00013675723772870805, 1.5221952770546756e-05, 0.00032464857381689946, 0.00011424658319223866, -1.7511839948535928e-05, 0.006239459728967821, -0.006466611955375097, 0.0029158090334126855, -0.011166955302800877, 6.749327202031515e-05, 3.6138755769083786e-06, 4.991899981087345e-05, -0.00031149756558505144, -5.436581465755374e-05, -0.00017604680917346683, -0.00024864978306668407, 0.0003705993274563596, -0.00017341329015689404, 0.0007011163091642757, 0.0002022593171848113, -0.00015252135653488947, 0.00013887633083556255, -0.00024115275999254005, -5.1414189987178116e-05], [-0.0002015576845489164, -0.0005573148041843102, -0.00010437016407027217, 0.0007767160655882744, -0.0004491642404226004, 6.892117495675392e-05, 1.9274949028815137e-05, -0.00031407380162178696, 0.0001654222803935337, -0.0003052512054285967, 0.00012655606983011483, -0.0003498638346305108, -0.00013521740923254662, -0.00031892683300959964, -0.0001747674477377108, 0.0017960752373933715, -0.006466611955375097, 0.013987224078543132, -0.0036274351296765673, 0.006066359650775497, 6.806546963780172e-05, -5.0576003332162784e-05, 0.000465682941431995, 0.000587281225216961, -0.0006067640530474412, 0.00017328392283981708, 0.0002493839914739596, -0.0006573037563686902, 2.9799009271811787e-05, -0.00031146721904226816, -0.0002829792978721902, 0.0002537505559919822, -0.00026870847111968346, 0.00045260493326873265, 6.741334587891417e-05], [1.713017766690799e-05, 0.0002265148665906467, 2.3950037223814837e-05, -0.00018418171374465244, 0.0001323574093812164, 3.0010423290961367e-05, -9.890284604280517e-05, 0.00012946360491559932, -9.498648845683302e-05, 0.00011617942085361244, -5.398321205554875e-05, 6.272523160513879e-05, -5.485542828436209e-05, 0.00010596119736456519, -3.332910087086042e-05, -0.0005946483910943913, 0.0029158090334126855, -0.0036274351296765673, 0.002185999958116835, -0.003252792898501112, 0.00018854914748002346, -0.00015434715064293822, 0.00018123639573431217, -0.00020821950020762523, 1.6089363060973685e-05, 2.3898933653659255e-05, -0.00017934686203490937, 0.00021922079987052347, -0.00021279838944123747, 0.0002769884046595097, 2.8467660778747834e-05, -4.2113383730900355e-05, 6.719216735579841e-05, -5.036850773890585e-05, 1.2198824018810176e-05], [-0.00043700215588949806, -0.0005008292208697354, 2.2531857346492006e-05, 0.0005569541808064628, -0.0010554541894341246, 0.00033883436027799867, 0.00031846132814650826, -0.00046125637034091397, 0.0003455440907464555, -0.001460453839549084, 0.00039167267319801125, -0.0005514857590477824, 0.00013887194336574974, -0.00026396560158023296, -0.0003302171772280109, -0.010420034256178481, -0.011166955302800877, 0.006066359650775497, -0.003252792898501112, 0.04961782928792181, 0.0002715507730063745, -9.738599313291479e-05, -0.00012718291967407132, -0.00015725397275620544, 0.0006946916947619574, 0.0013764864300298864, -9.875740873206422e-05, 0.00019144462173996805, -4.242428885140191e-05, -0.003107237514523755, -0.0009497917157804906, 0.0006805276617641288, -0.0006056270048478354, 0.0004244385567666174, 0.0004535843485882829], [-9.487677385367216e-05, 0.00012513632640923666, 9.294754878891621e-05, 0.00036845333401680096, -0.0003142850708319082, 0.00015556954095985695, -0.0001615546338059749, 1.8958484077615195e-05, -0.00010093892303071775, -0.00011050004916441983, 2.366493143744122e-05, -0.00011619636394545233, -0.00021077228027225573, -0.00017685335965262185, -0.00022808006138813882, -9.006323765832867e-05, 6.749327202031515e-05, 6.806546963780172e-05, 0.00018854914748002346, 0.0002715507730063745, 0.006929660988653717, -0.005822096141008258, 0.007999338629378388, -0.00047829908994666704, -0.0017881297127384564, 0.00030523197042201026, -0.00022171254460659546, 0.00012727056501556845, -0.00045538500035013517, 2.922673465668643e-06, -0.0002702319225162229, 0.0001383624759863675, -2.767617171482743e-05, 0.0002690216569911767, 0.00011583601341400296], [2.4133038071500316e-05, 6.041266304603939e-08, -0.00017023293821652867, -0.000461270999016902, 0.0003055031720344979, -8.543876384812954e-05, 0.00010967487149531173, -1.8834506238241847e-05, 8.719214447844345e-05, 4.994393508826533e-05, 1.0007500409224145e-06, 4.365531968374156e-05, 0.00019542753242958455, 0.0002935702010734378, 0.00023959188910862905, -1.457798681958469e-05, 3.6138755769083786e-06, -5.0576003332162784e-05, -0.00015434715064293822, -9.738599313291479e-05, -0.005822096141008258, 0.0064285912454045335, -0.0076203674583860456, 0.00026951151873948876, 0.0001023228435425393, -0.00013851943056313707, 6.458040048616967e-05, 3.861852600168567e-06, 0.0003187454374898044, -9.500718583396342e-05, 0.0001923929873515016, -9.189204468227834e-05, -1.331539144898126e-05, -0.00034861737116576567, -3.0469828147276408e-05], [-0.00023251863616833006, -3.3803908072222656e-05, -7.310157631890478e-06, 0.0005624662484799677, -0.00028834089552256647, 0.0001716439355480971, -0.00026843681689431276, 3.777743029481589e-05, -0.00011614902222093645, -4.324732193280806e-05, 5.9356790801128994e-06, -0.00024124952549981976, -0.00028683999903788226, -0.00020767793076508368, -0.0003327331034251522, 3.301871587118024e-05, 4.991899981087345e-05, 0.000465682941431995, 0.00018123639573431217, -0.00012718291967407132, 0.007999338629378388, -0.0076203674583860456, 0.013640317485845039, 0.0002301465979433343, -0.005255714440086111, 0.00023597066182671296, -0.0001533295509779831, -0.00011338291513761728, -0.0005267142659704137, 0.0003307446100770903, -0.0003035374190351116, 0.0002165472705735401, -0.00013636104259548274, 0.0005592597301215511, 6.548307726490606e-05], [0.00010384775879508691, -0.00026307106824124114, 8.321960513227543e-05, 0.000515306091129208, -0.0002670829668159108, -4.4691500478557864e-05, 6.150149282153305e-05, -0.0002052101064234598, 7.518699019981667e-05, 4.402806002466867e-06, 3.560249856321723e-05, -2.962242237748036e-05, -0.000112549032162685, -0.00031531821020341997, -1.6592533542011898e-05, 0.0002843909518647353, -0.00031149756558505144, 0.000587281225216961, -0.00020821950020762523, -0.00015725397275620544, -0.00047829908994666704, 0.00026951151873948876, 0.0002301465979433343, 0.006030931651337303, -0.0036870282871864116, -0.00012676901119238474, 0.000225535643615681, -0.0004390302446935089, 0.00010325601952866834, 0.0001432765675234818, -8.314890955445045e-06, -1.8381490223802137e-05, 4.472378799518947e-05, 8.594893529512231e-05, -1.2868348832747811e-05], [6.759138132715556e-05, 2.1499086751829535e-05, 0.00014475519283852541, -0.00014181236667489293, -7.550099799235882e-05, -5.2180864811806116e-05, 0.00016852617607968098, 5.199593318486257e-05, 1.4352043481684135e-05, -0.00014410147421080967, 2.3470291677477212e-05, 0.00013964096302036542, 0.00020856272524902, -6.83392904883073e-05, 6.622949495307725e-05, -0.0002040608466977864, -5.436581465755374e-05, -0.0006067640530474412, 1.6089363060973685e-05, 0.0006946916947619574, -0.0017881297127384564, 0.0001023228435425393, -0.005255714440086111, -0.0036870282871864116, 0.009202611460611168, 1.6673009508171312e-07, 9.333268612039702e-05, 0.0002812638804646067, 0.00027611760145839593, -0.000652682873999598, 1.2007752103238772e-05, -2.1706606143360536e-05, 3.953216358831165e-05, -5.29388562456367e-05, -5.4743933879563295e-05], [-0.00019801611495608246, -2.2111087411638575e-05, -3.910058463684944e-05, 9.144490890335785e-05, -0.0002808682735077806, 0.00018591212488807193, -7.799465929143401e-06, -0.00010351778807718221, 6.525968189213472e-05, -0.0004652887568518412, 0.00011112629210542609, -0.00023204206198021345, -5.350384665311894e-05, 3.2022829178535565e-05, -0.00017882344057344566, -0.00037285825925457966, -0.00017604680917346683, 0.00017328392283981708, 2.3898933653659255e-05, 0.0013764864300298864, 0.00030523197042201026, -0.00013851943056313707, 0.00023597066182671296, -0.00012676901119238474, 1.6673009508171312e-07, 0.0068226621862865966, -0.0026104383586686574, 0.0019125181490518962, -0.003234825133967093, -0.00942406945247014, -0.00037253579987964934, 0.00025682704015399184, -0.00021794752675830586, 0.0001316759671123643, 0.0002243041452857228], [6.27331917052752e-05, -0.000275759551084187, 5.760391337613734e-05, 0.000279114174830355, -0.0001138800440992429, -9.720208385675896e-05, 0.00011144743773627807, -9.420244955098309e-05, 6.766249910479715e-05, 1.783784095307042e-05, 1.4666473703297047e-05, 2.8680626165989468e-05, 5.22575139980996e-05, -0.0002233855455549008, 3.4945636768087096e-05, 0.000189667076479683, -0.00024864978306668407, 0.0002493839914739596, -0.00017934686203490937, -9.875740873206422e-05, -0.00022171254460659546, 6.458040048616967e-05, -0.0001533295509779831, 0.000225535643615681, 9.333268612039702e-05, -0.0026104383586686574, 0.0034957024481674015, -0.0034437209121599135, 0.0034293536083443124, -0.00031579452895882183, 6.952590759700949e-05, -2.9447825639087156e-05, 1.136598176954198e-05, 0.00011604526975899944, -0.000108187088489991], [-9.003957047514177e-05, 0.0004291667519110412, -7.302563667966573e-05, -0.0004555066225985402, 0.00012485261884153152, 8.164246528775411e-05, -8.201383364620551e-05, 0.00019164282850491878, -0.00011843888463250789, 2.3166321416852066e-07, -4.299664366033783e-06, 2.8043423728619763e-05, 0.00011485324773549586, 0.00028188756506540075, 9.328217182787793e-05, -0.0002995592276640319, 0.0003705993274563596, -0.0006573037563686902, 0.00021922079987052347, 0.00019144462173996805, 0.00012727056501556845, 3.861852600168567e-06, -0.00011338291513761728, -0.0004390302446935089, 0.0002812638804646067, 0.0019125181490518962, -0.0034437209121599135, 0.006579238949763031, -0.001589114254055052, -0.002178283154073642, -3.345057551485011e-05, 3.400322152959358e-06, 1.3743249093266193e-05, -0.00020606848991470397, 5.930375647610743e-05], [2.466464978074387e-05, -0.00018425866997642324, -4.174688468814365e-05, -2.3368342430972204e-06, 5.874673216720608e-06, -0.00012317773229348272, 0.0001561644111585014, -4.4650899869032135e-05, 7.140207195314955e-05, 2.8734367905467447e-05, 2.7261640361940776e-05, 4.9521814059112785e-05, 0.00022133061046203834, -5.685369072438351e-05, 0.00019289505891805246, 0.00010064061737854505, -0.00017341329015689404, 2.9799009271811787e-05, -0.00021279838944123747, -4.242428885140191e-05, -0.00045538500035013517, 0.0003187454374898044, -0.0005267142659704137, 0.00010325601952866834, 0.00027611760145839593, -0.003234825133967093, 0.0034293536083443124, -0.001589114254055052, 0.005681865083328556, -0.00242096018982883, 0.0001405288446688937, -5.7835340217304786e-05, -4.113276578583278e-06, -5.368711412300388e-05, -0.00013571103721087138], [0.00037332183317179336, 0.0003465588157407739, 6.912947235020978e-05, -0.0003300516501299187, 0.000744730675395785, -0.00020629256782426676, -0.0002617072029153707, 0.0002948213661220767, -0.00023893810458990678, 0.0010079995141121002, -0.00030144785183727546, 0.00039972499685357675, -0.0002591051583022254, 0.00015189051543011497, 9.331736017246928e-05, 0.0006691489624817863, 0.0007011163091642757, -0.00031146721904226816, 0.0002769884046595097, -0.003107237514523755, 2.922673465668643e-06, -9.500718583396342e-05, 0.0003307446100770903, 0.0001432765675234818, -0.000652682873999598, -0.00942406945247014, -0.00031579452895882183, -0.002178283154073642, -0.00242096018982883, 0.026248763316170372, 0.0006258002391380821, -0.00047621607738329016, 0.0004561206160318848, -0.00026737088708539354, -0.00025282973062176105], [0.00019078653674539046, 9.234788827009829e-05, 2.359490157991433e-05, -0.0003181834744637219, 0.00036562441479711413, -0.0001359236945451627, 1.5916741607276475e-05, 9.603458269836002e-05, -3.2792721656954586e-05, 0.0003378370185513799, -0.00010486082355529256, 0.0002160563445737484, 3.237948674888971e-05, 0.0001245615486496529, 0.0001349542633292949, 0.00019749828487435105, 0.0002022593171848113, -0.0002829792978721902, 2.8467660778747834e-05, -0.0009497917157804906, -0.0002702319225162229, 0.0001923929873515016, -0.0003035374190351116, -8.314890955445045e-06, 1.2007752103238772e-05, -0.00037253579987964934, 6.952590759700949e-05, -3.345057551485011e-05, 0.0001405288446688937, 0.0006258002391380821, 0.0036142043969552683, -0.00249110356949617, 0.002007464578411563, -0.0027273237610655567, -0.0013741374820796044], [-0.00018520416920015737, -0.00010058501758834808, -7.194700886245964e-05, 0.00018727722265069897, -0.00022106793413667183, 9.541084478724699e-05, -1.3436071198893169e-05, -6.110451837616456e-05, 3.45720333624495e-05, -0.0002499973205479737, 7.891083782895117e-05, -0.00018683411059492418, 9.74834812505105e-06, -4.32847916569925e-05, -8.469108102056773e-05, -0.00015309607754670473, -0.00015252135653488947, 0.0002537505559919822, -4.2113383730900355e-05, 0.0006805276617641288, 0.0001383624759863675, -9.189204468227834e-05, 0.0002165472705735401, -1.8381490223802137e-05, -2.1706606143360536e-05, 0.00025682704015399184, -2.9447825639087156e-05, 3.400322152959358e-06, -5.7835340217304786e-05, -0.00047621607738329016, -0.00249110356949617, 0.0021082090773246694, -0.0019377405580088426, 0.002232128102451392, 0.0008414480817664422], [0.00020868964591229234, 0.00012004527873935821, 0.00013329628897463906, -7.188521036566828e-05, 0.0001190175235419054, -7.782729050055322e-05, 6.101711133277079e-06, 4.819969126580247e-05, -5.0827041236718595e-05, 0.00022883587827288548, -7.21652363733114e-05, 0.00019365075551207214, -5.2271917747676636e-05, -4.283440660768972e-05, 4.823306360542018e-05, 0.0001551547280191524, 0.00013887633083556255, -0.00026870847111968346, 6.719216735579841e-05, -0.0006056270048478354, -2.767617171482743e-05, -1.331539144898126e-05, -0.00013636104259548274, 4.472378799518947e-05, 3.953216358831165e-05, -0.00021794752675830586, 1.136598176954198e-05, 1.3743249093266193e-05, -4.113276578583278e-06, 0.0004561206160318848, 0.002007464578411563, -0.0019377405580088426, 0.002331109245298695, -0.001857199653722192, -0.0006416320001879342], [-0.00018265395732922524, -0.00025600779555424975, 8.651711774519162e-06, 0.0005454785996879848, -0.0003626725466040537, 7.427666292063067e-05, -4.1291885801142744e-05, -7.190546100116039e-05, 1.2040310282895594e-05, -0.00019401347813774957, 6.608168463618354e-05, -0.00019748149542360598, -6.644874359673731e-05, -0.00027929957601509033, -0.0001850373235570639, 4.818162636824066e-06, -0.00024115275999254005, 0.00045260493326873265, -5.036850773890585e-05, 0.0004244385567666174, 0.0002690216569911767, -0.00034861737116576567, 0.0005592597301215511, 8.594893529512231e-05, -5.29388562456367e-05, 0.0001316759671123643, 0.00011604526975899944, -0.00020606848991470397, -5.368711412300388e-05, -0.00026737088708539354, -0.0027273237610655567, 0.002232128102451392, -0.001857199653722192, 0.0053098633417387135, 2.484818268911785e-05], [-4.523261925617046e-05, 1.4910866966013052e-05, -6.580755960983978e-06, 1.6077596574640866e-05, -8.722319264907421e-05, 6.778297720055364e-05, -5.924387973575582e-06, -4.696575142585074e-05, 2.4458490869376036e-05, -0.00015339764021011815, 3.5384500645045716e-05, -7.170589888130613e-05, -4.17052689151277e-05, 2.306199869828396e-05, -6.108444793877448e-05, -0.000122148579478556, -5.1414189987178116e-05, 6.741334587891417e-05, 1.2198824018810176e-05, 0.0004535843485882829, 0.00011583601341400296, -3.0469828147276408e-05, 6.548307726490606e-05, -1.2868348832747811e-05, -5.4743933879563295e-05, 0.0002243041452857228, -0.000108187088489991, 5.930375647610743e-05, -0.00013571103721087138, -0.00025282973062176105, -0.0013741374820796044, 0.0008414480817664422, -0.0006416320001879342, 2.484818268911785e-05, 0.0011588685406824005]]}, "num_joints": 7, "basis": {"params": [-1.3862943611198906, 0.25, 0.5, 0.75], "conf": [{"type": "sqexp", "conf": {"dim": 3}, "nparams": 4}, {"type": "poly", "conf": {"order": 1}, "nparams": 0}]}}