{"model": {"mu_w": [-0.0878124434830597, -0.023269251120873295, 0.09573122962759384, -0.5955043140322828, 0.3891477730092646, 0.04502394501760508, -0.27183514599232833, 0.12415244383516812, 0.7046280516571004, -0.01972845324023386, -0.018756968101039773, 0.04133010970236713, 0.0006931554485851047, 0.03366167890949079, 0.14084721893400204, -0.11914253925886865, 0.24827306242735367, 0.11188257435035913, 1.164178963474155, 0.41571065836977084, -0.02948419834461463, 0.017128129945588454, 0.058195819444922754, -0.35761429920292237, 0.08364918282303255, 0.08795553484779758, 0.01440189862482554, -0.02358370553850287, -0.4541012507481588, -0.2303054165528961, 0.07249865192243428, 0.024906801938916954, -0.01166881286035196, -1.4852929897661684, -0.23096140013695635], "Sigma_y": [[2.0171517190860255e-05, 0.0, 0.0, 0.0, 0.0, 0.0, 0.0], [0.0, 1.2082298900987226e-05, 0.0, 0.0, 0.0, 0.0, 0.0], [0.0, 0.0, 1.269183385649236e-05, 0.0, 0.0, 0.0, 0.0], [0.0, 0.0, 0.0, 8.872859861506341e-05, 0.0, 0.0, 0.0], [0.0, 0.0, 0.0, 0.0, 5.9991022203423875e-05, 0.0, 0.0], [0.0, 0.0, 0.0, 0.0, 0.0, 0.00015392185906642401, 0.0], [0.0, 0.0, 0.0, 0.0, 0.0, 0.0, 0.00015892463424192676]], "Sigma_w": [[0.0027907159129069276, -0.0013103659044703773, -0.001269817770051319, 6.964179652634733e-05, -0.00474902446054764, -4.284090018001125e-05, 0.0005645289962513749, -0.00032247703280427215, 0.00024192124337801048, -0.0005812978442294999, 0.0001605437325659711, -0.00024247412001344066, 0.00014505571216243487, 5.436792238160569e-06, -0.00015761529924809432, -0.00045324541409262186, -0.00048639452709226357, 0.00011798617027475554, -0.0002537016966477335, 0.0012268343825006468, 0.00028073663341491987, -0.00023293835519678423, 0.0001506001723304645, -0.00014079760796613798, -0.00018373295224138994, 0.00035372546570308004, -6.74273067350383e-05, -1.1139352926021557e-05, 6.118178605193456e-05, -0.00042646837542286754, -0.00016058903422227195, 0.00028343737139468876, -0.0001473238976076278, -8.219392307944605e-05, 0.0002953474799963809], [-0.0013103659044703773, 0.0035201398507435366, 7.19583127363499e-06, -0.0008069744902762315, 0.003929620227048722, -1.8137853109671867e-05, -0.0005211181287928212, 0.00022374635026036602, 0.00010676138781438437, 0.0004547078413678117, -0.000163720959589105, 0.0003634459174957155, -0.0003980467649284231, 0.00019047654449941425, -0.00011350488844462794, 0.0004681937685752834, 0.0004090245048877775, 0.00034740069498212723, -0.0003666648033437157, -0.0009093241305581241, -0.0005326649051932386, 0.0004950192553983727, -0.00022179466795875237, 0.00015635698828099764, 0.0002661305809132524, -0.00010386961025328025, 6.611062554569446e-05, -0.00015877496319115694, -4.7440603775832296e-05, 0.0004025206276827333, 0.0003144901907904602, -0.0003817430844528759, 0.00020804675561748894, -1.76117792493512e-05, -0.0003513676199234616], [-0.001269817770051319, 7.19583127363499e-06, 0.00628356723682046, 9.992884349359643e-05, 0.005972248714813141, 0.00030537986378746006, -0.0007032681665400225, 0.0002131067811206233, -0.00015170859028406963, 0.0004294854992047018, -0.0003347398273576323, 0.0003832649669036122, -0.00019792957339263473, 9.667767087539843e-05, 0.00011282638276342227, 9.61751654243362e-05, 0.0007909542834980077, 0.00023301863283760923, -6.976172576577936e-05, -0.0011797294562780256, -0.0007370725282432454, 0.0005263841982681281, -0.0004518955144459562, 0.00021558256553779506, 0.0004060594426370594, -0.000162036231136392, -0.00024114834153692838, -5.006375184531846e-05, 4.593123622585788e-05, 0.000539644222561431, 0.00030098142771189755, -0.0005452206277606873, 0.00013271425675011596, 0.0001397593317248541, -0.00026620782063760325], [6.964179652634733e-05, -0.0008069744902762315, 9.992884349359643e-05, 0.000648656303892937, -0.0008527643814168406, 4.602706459752789e-05, 6.0733042443231116e-05, -5.9265678234786614e-05, 1.6840576073529474e-05, -7.705458122470419e-05, -5.3812052683991315e-06, -6.140044518174627e-05, 6.449893389898059e-05, -3.36483781001676e-05, 3.1397758029762574e-05, -0.0001391363604288364, -5.399585369011344e-05, -5.9321396287401654e-05, -2.546473822198224e-05, 0.00013704566746649676, 0.00011754147855144003, -0.00014570097116800687, 8.852228408096618e-05, -7.034757571834441e-05, -9.87408185923309e-05, 4.513159728553094e-05, 2.175704067508679e-05, -3.605731880525468e-05, 1.6094833224245885e-05, 3.8924560416362644e-05, -4.738921600259794e-05, 7.251221904404709e-05, -0.0001164643703778355, 5.853980147743359e-05, 0.00013675916804551698], [-0.00474902446054764, 0.003929620227048722, 0.005972248714813141, -0.0008527643814168406, 0.016697805604316555, 0.00041998926468766556, -0.0018713101519322818, 0.0006018469561299753, -6.79268152575703e-05, 0.0011038470322969924, -0.0006747723931547245, 0.0008635911878522212, -0.0007268531698971161, 0.0004328304091164632, 0.00018581230288804607, 0.0007877945882778542, 0.001317670142405312, 0.0009328307028838698, -0.0004922398833558866, -0.0015092044288541899, -0.0010058714135614817, 0.0008836642558797748, -0.00023104894702355105, 0.00014608476398646905, 0.0008228975812963184, -0.000674174063761711, 0.0006038206207030095, -0.0006313640509260468, -2.7126755970183656e-05, 0.00032478435006391384, 0.0007993462671887252, -0.0007986003088256876, 0.0004088357621050988, 0.00017451453948606215, -0.001504700057506304], [-4.284090018001125e-05, -1.8137853109671867e-05, 0.00030537986378746006, 4.602706459752789e-05, 0.00041998926468766556, 0.004565852841278704, -0.006527443196374548, -0.0012072819396428368, 0.00217376975233999, 4.491972503714499e-05, -0.00032183689487800236, 0.00021903656753016537, -0.00019024923806354544, 0.0002906901468035149, 2.5319217572044697e-05, -0.00023269536465172035, 0.0001730463663000072, 0.0006757852277338425, -0.0006271240655532302, 0.0005334320864678908, 6.340410129610184e-06, -3.881589157875105e-05, 0.00016098688431325428, -0.00025165496854334326, 0.0002604249829236829, -0.00014303287978946423, 0.0006356510927956178, -0.0004618968081646792, 0.00020615974944014528, -0.0002936696186050839, 6.576939640939274e-05, 4.818314887658661e-05, -0.00010469501452336691, 0.00019403189616763126, -0.00046461759701251843], [0.0005645289962513749, -0.0005211181287928212, -0.0007032681665400225, 6.0733042443231116e-05, -0.0018713101519322818, -0.006527443196374548, 0.027775872294591625, -0.008436577157167792, -0.0002712466687646554, -0.016840094760304687, 0.0009407543912678102, -0.0012073322333979114, 0.0010487971910372732, -0.0006067090333395426, -0.00016947316334434321, -0.001013797758680919, -0.0017940624975307314, -0.0012702960475060897, 0.0009181391694821512, 0.002341402337145309, 0.0014456708942736254, -0.0012064644862743953, 0.0003705527138430537, -0.000195006108494722, -0.0010381615337670665, 0.0007821464132533939, -0.0007475206938668432, 0.0008855974389150206, 8.033049232499763e-06, -0.0008157630509550062, -0.00106829422822017, 0.0011328251882943828, -0.0004435721610523352, -0.0003030409730386718, 0.0017445425560000726], [-0.00032247703280427215, 0.00022374635026036602, 0.0002131067811206233, -5.9265678234786614e-05, 0.0006018469561299753, -0.0012072819396428368, -0.008436577157167792, 0.007486525650956191, -0.004965644499145488, 0.01118879756525466, -0.00017534046228996609, 0.00043411665796222823, -0.0002657601746458581, -0.000133035868007228, 0.00019215489278933803, 0.0008722465828400813, 0.0010545325642499527, -0.0003838704610134156, 0.0005863383737866734, -0.002637341888095206, -0.0009933321442639094, 0.0008063181153703785, -0.0005983988141480198, 0.000545982630241134, 0.0002944582158290678, -0.000338684275163699, -0.0006437531840616052, 0.00023895379184580594, -0.0002792202304666693, 0.0011423756217437693, 0.0005291449231333952, -0.0008615377253371808, 0.0003914059114587781, -1.0012910160708033e-05, -0.0002804776264478929], [0.00024192124337801048, 0.00010676138781438437, -0.00015170859028406963, 1.6840576073529474e-05, -6.79268152575703e-05, 0.00217376975233999, -0.0002712466687646554, -0.004965644499145488, 0.009385920701445396, -0.0068317088171340485, -0.00013569751942242244, 6.0394951305870814e-05, -0.00033575926749906265, 0.00044702214495034225, -0.0003671692052589232, -0.0005202773630840294, -0.0004319257047470186, 0.0011644242673627286, -0.001522302140954281, 0.002119222941011819, 0.00018438776627692852, -0.00013826490356992779, 0.0004946045630751447, -0.0004474271630967317, -2.35241544338083e-05, 0.00044940975558535866, 0.0007011585792584182, -0.0007869509981165072, 0.00016008757309302041, -0.0006697976308307106, 0.00017248807591067523, 0.00027496311975728534, -0.00025704912116898947, 1.86300522287171e-05, -0.00027295158878859856], [-0.0005812978442294999, 0.0004547078413678117, 0.0004294854992047018, -7.705458122470419e-05, 0.0011038470322969924, 4.491972503714499e-05, -0.016840094760304687, 0.01118879756525466, -0.0068317088171340485, 0.019542242164438485, -0.0004428721196834177, 0.0008591187443047966, -0.0005812965576102323, -2.7863621810654298e-05, 0.0002614231459017052, 0.0014070735432264502, 0.0017284017696200117, -0.0003161565502566133, 0.0005710232264846423, -0.00439682706793926, -0.0015634724844901804, 0.0012662612610237363, -0.0009586137056599489, 0.0007575766824079222, 0.0006260606037156216, -0.0006862194071816814, -0.0005958412211305392, 0.000219179351030964, -0.000277408745869837, 0.0018853760178514955, 0.0007400411688618536, -0.001322036088409629, 0.0005768364231697237, 0.00011768809851746672, -0.000551046816559955], [0.0001605437325659711, -0.000163720959589105, -0.0003347398273576323, -5.3812052683991315e-06, -0.0006747723931547245, -0.00032183689487800236, 0.0009407543912678102, -0.00017534046228996609, -0.00013569751942242244, -0.0004428721196834177, 0.0046682844089824226, -0.005214863344608176, 0.004700066374144703, -0.003305047353989151, -0.0002038899725140506, -0.00019237394086136334, -0.0006457981949403687, -0.0006622586880843129, 0.0006158280155691082, 0.0005949935560736406, 0.0005433230201526987, -0.0004183745629360222, 0.00010615982622216857, 4.033180549306659e-06, -0.0003938992907292239, 0.0001970049057893188, -0.00034721795553948633, 0.0004499652757551423, -6.195697761506558e-05, -0.0002797487037628873, -0.00039931880757085894, 0.00039682445896398324, -7.663790947093894e-05, -0.00016361674441277017, 0.0006063604992121627], [-0.00024247412001344066, 0.0003634459174957155, 0.0003832649669036122, -6.140044518174627e-05, 0.0008635911878522212, 0.00021903656753016537, -0.0012073322333979114, 0.00043411665796222823, 6.0394951305870814e-05, 0.0008591187443047966, -0.005214863344608176, 0.008104486904550819, -0.007186723053553805, 0.0034334334250957234, -0.00038139798963053833, 0.0006200884811548863, 0.0010867060661319183, 0.0006360100748623634, -0.0005706058920262968, -0.001819717148179646, -0.0011465416442858795, 0.0009388987909159243, -0.0004928843101530558, 0.0002968236990851797, 0.0005762945010389942, -0.0002334076312774701, -2.5787696632164998e-05, -0.0003338268700246538, -5.029280916232287e-05, 0.000860595761077835, 0.0006672155281731497, -0.0008520279146387943, 0.0003057817197523706, 0.0001011518933153251, -0.0006789241027299715], [0.00014505571216243487, -0.0003980467649284231, -0.00019792957339263473, 6.449893389898059e-05, -0.0007268531698971161, -0.00019024923806354544, 0.0010487971910372732, -0.0002657601746458581, -0.00033575926749906265, -0.0005812965576102323, 0.004700066374144703, -0.007186723053553805, 0.007870038126192986, -0.004588674071203566, 0.0018542201588977575, -0.00046297917396980154, -0.0007778414841658007, -0.00091854411751173, 0.0009817895143200135, 0.00090923378972817, 0.0009266563258369483, -0.0007870490686977379, 0.00023859830298477927, -0.0001234473507477617, -0.00047440500554249963, 6.461880239216365e-05, -0.00022400177385910298, 0.0005506387072964747, 2.7962145040202692e-05, -0.0005199635944904201, -0.0006640558941524204, 0.0006512434209120028, -0.00021355273753586332, -6.0691393529410595e-05, 0.000719948654341813], [5.436792238160569e-06, 0.00019047654449941425, 9.667767087539843e-05, -3.36483781001676e-05, 0.0004328304091164632, 0.0002906901468035149, -0.0006067090333395426, -0.000133035868007228, 0.00044702214495034225, -2.7863621810654298e-05, -0.003305047353989151, 0.0034334334250957234, -0.004588674071203566, 0.005214520076388756, -0.0019076351063477502, -6.903449449274737e-05, 4.000040671996795e-05, 0.0010426513902977582, -0.001043573984254791, 0.0008793571176242129, -6.048743289288186e-05, 0.00011471657163435959, 0.00021628039997490087, -0.000274519327439079, 0.00033071406733856156, -6.344414948462699e-05, 0.0008313084316001664, -0.0006246320628162475, 0.00019222262360060348, -0.0004900791835191637, 0.00017504403308453166, 5.2184993423972404e-05, -1.0710515067087545e-06, 8.133522403802397e-05, -0.0006930023223981626], [-0.00015761529924809432, -0.00011350488844462794, 0.00011282638276342227, 3.1397758029762574e-05, 0.00018581230288804607, 2.5319217572044697e-05, -0.00016947316334434321, 0.00019215489278933803, -0.0003671692052589232, 0.0002614231459017052, -0.0002038899725140506, -0.00038139798963053833, 0.0018542201588977575, -0.0019076351063477502, 0.0029725985799006235, 0.00015035060753835073, 0.000205020043894798, -0.0004214135969591533, 0.0006287752965983573, -0.0005909947499295277, 8.738111672812772e-05, -9.750419812020494e-05, -1.2038697232569225e-05, 6.268136985825636e-05, 5.682370760116456e-07, -0.0002958034930192564, -4.138409120198999e-05, 0.00017343727174653833, -5.296904177749858e-05, 9.760869630590586e-05, -5.2576390849586385e-05, -2.5808418402228107e-05, 3.8434833714120295e-05, 6.448202758148211e-05, -7.572289844647616e-05], [-0.00045324541409262186, 0.0004681937685752834, 9.61751654243362e-05, -0.0001391363604288364, 0.0007877945882778542, -0.00023269536465172035, -0.001013797758680919, 0.0008722465828400813, -0.0005202773630840294, 0.0014070735432264502, -0.00019237394086136334, 0.0006200884811548863, -0.00046297917396980154, -6.903449449274737e-05, 0.00015035060753835073, 0.015337719603858527, 0.013532139597290832, -0.0042598674960148625, 0.007330538490238843, -0.038725017051944435, -0.001188916088474805, 0.0010599195374977467, -0.0007546615743579798, 0.0006841241335271297, 0.0004580328176071204, -0.0005597006894474129, -0.0005382962633723194, 0.00030719331719911093, -0.0003187511800210417, 0.001350627263578034, 0.0005863230168947951, -0.0010142729761651416, 0.0006059671132589033, -6.288823240323282e-05, -0.0005065833952074938], [-0.00048639452709226357, 0.0004090245048877775, 0.0007909542834980077, -5.399585369011344e-05, 0.001317670142405312, 0.0001730463663000072, -0.0017940624975307314, 0.0010545325642499527, -0.0004319257047470186, 0.0017284017696200117, -0.0006457981949403687, 0.0010867060661319183, -0.0007778414841658007, 4.000040671996795e-05, 0.000205020043894798, 0.013532139597290832, 0.025687440446025153, 0.0006338377001137767, 0.0012230920469148644, -0.051566998842969995, -0.0023459002940167204, 0.001794141097507795, -0.0012454714077380967, 0.0009359184350911684, 0.0007651816296329707, -0.000344929407755587, -0.0011793725188025653, 9.3689963472086e-06, -0.0003687358227441653, 0.0023436609676857605, 0.001268172863932054, -0.0018790306340999185, 0.0005840325138529804, 0.00013346310314892308, -0.0005867585628923022], [0.00011798617027475554, 0.00034740069498212723, 0.00023301863283760923, -5.9321396287401654e-05, 0.0009328307028838698, 0.0006757852277338425, -0.0012702960475060897, -0.0003838704610134156, 0.0011644242673627286, -0.0003161565502566133, -0.0006622586880843129, 0.0006360100748623634, -0.00091854411751173, 0.0010426513902977582, -0.0004214135969591533, -0.0042598674960148625, 0.0006338377001137767, 0.028166671471174298, -0.028643089455620576, 0.029411779794014735, -0.00018249086057115196, 0.00026496690782078095, 0.0005978178612132317, -0.0006664874330041008, 0.0006662636754269436, 8.519474745698195e-05, 0.0017407395792319786, -0.0015605289753237443, 0.0003782345753684979, -0.0012622138694660036, 0.0005626437151312653, 9.302889251958904e-05, -7.15137773908876e-05, 0.00014532032198069734, -0.001579291352611679], [-0.0002537016966477335, -0.0003666648033437157, -6.976172576577936e-05, -2.546473822198224e-05, -0.0004922398833558866, -0.0006271240655532302, 0.0009181391694821512, 0.0005863383737866734, -0.001522302140954281, 0.0005710232264846423, 0.0006158280155691082, -0.0005706058920262968, 0.0009817895143200135, -0.001043573984254791, 0.0006287752965983573, 0.007330538490238843, 0.0012230920469148644, -0.028643089455620576, 0.03518396174948101, -0.031172108190325946, 0.0002477814646125757, -0.00020341714099212017, -0.000649138066701592, 0.0007245986410745776, -0.00036336375547777947, -0.0005601021083241404, -0.0014846397149944196, 0.0016938331357286768, -0.0003551585706231824, 0.0007683029556886049, -0.0006211332150384793, -6.806751567111521e-05, 0.00034240952292629505, -0.00019032403505732555, 0.0009665218515527263], [0.0012268343825006468, -0.0009093241305581241, -0.0011797294562780256, 0.00013704566746649676, -0.0015092044288541899, 0.0005334320864678908, 0.002341402337145309, -0.002637341888095206, 0.002119222941011819, -0.00439682706793926, 0.0005949935560736406, -0.001819717148179646, 0.00090923378972817, 0.0008793571176242129, -0.0005909947499295277, -0.038725017051944435, -0.051566998842969995, 0.029411779794014735, -0.031172108190325946, 0.1569152777818708, 0.004868226086092254, -0.003698016617865476, 0.003697470217574061, -0.0028389037139582773, -0.0010627044444131524, 0.0009746120349089136, 0.004168471349348844, -0.0020107892702583693, 0.0009943643319626167, -0.006924353246937879, -0.0016701536691354618, 0.004056341453601414, -0.0014534684497953681, -0.0001290788170830126, -0.0008508871834504014], [0.00028073663341491987, -0.0005326649051932386, -0.0007370725282432454, 0.00011754147855144003, -0.0010058714135614817, 6.340410129610184e-06, 0.0014456708942736254, -0.0009933321442639094, 0.00018438776627692852, -0.0015634724844901804, 0.0005433230201526987, -0.0011465416442858795, 0.0009266563258369483, -6.048743289288186e-05, 8.738111672812772e-05, -0.001188916088474805, -0.0023459002940167204, -0.00018249086057115196, 0.0002477814646125757, 0.004868226086092254, 0.032571462508521824, -0.025163232571250995, 0.018085477790890418, -0.013255314791160896, -0.008414135188716285, -0.00013230789184856756, 0.0018760143609993611, -0.00012918473678402316, 0.0004565240951433034, -0.002770718710418534, -0.001485940996509065, 0.0022162368430104925, -0.0006718980492317079, 3.433569027525375e-05, 0.0002125538803898512], [-0.00023293835519678423, 0.0004950192553983727, 0.0005263841982681281, -0.00014570097116800687, 0.0008836642558797748, -3.881589157875105e-05, -0.0012064644862743953, 0.0008063181153703785, -0.00013826490356992779, 0.0012662612610237363, -0.0004183745629360222, 0.0009388987909159243, -0.0007870490686977379, 0.00011471657163435959, -9.750419812020494e-05, 0.0010599195374977467, 0.001794141097507795, 0.00026496690782078095, -0.00020341714099212017, -0.003698016617865476, -0.025163232571250995, 0.02037698924839682, -0.014016517005575841, 0.010339003561636037, 0.0077197842744244636, 6.764593159344231e-06, -0.001303403551421719, 8.417567863383173e-05, -0.00034440175909914654, 0.0019474303332078537, 0.0011577443902116961, -0.0016989432465042231, 0.0006318215351706131, -8.17361853237321e-05, -0.00039537252825571105], [0.0001506001723304645, -0.00022179466795875237, -0.0004518955144459562, 8.852228408096618e-05, -0.00023104894702355105, 0.00016098688431325428, 0.0003705527138430537, -0.0005983988141480198, 0.0004946045630751447, -0.0009586137056599489, 0.00010615982622216857, -0.0004928843101530558, 0.00023859830298477927, 0.00021628039997490087, -1.2038697232569225e-05, -0.0007546615743579798, -0.0012454714077380967, 0.0005978178612132317, -0.000649138066701592, 0.003697470217574061, 0.018085477790890418, -0.014016517005575841, 0.014651379319600172, -0.010185618789541842, -0.004295593907398669, 8.898044980927403e-06, 0.001558507759592333, -0.0007019047153030753, 0.00023324915737378215, -0.0018835375217614407, -0.00046617056882319847, 0.0012357504704382264, -0.00047163598369528244, 6.842300600119598e-05, -0.0004206212427994276], [-0.00014079760796613798, 0.00015635698828099764, 0.00021558256553779506, -7.034757571834441e-05, 0.00014608476398646905, -0.00025165496854334326, -0.000195006108494722, 0.000545982630241134, -0.0004474271630967317, 0.0007575766824079222, 4.033180549306659e-06, 0.0002968236990851797, -0.0001234473507477617, -0.000274519327439079, 6.268136985825636e-05, 0.0006841241335271297, 0.0009359184350911684, -0.0006664874330041008, 0.0007245986410745776, -0.0028389037139582773, -0.013255314791160896, 0.010339003561636037, -0.010185618789541842, 0.008319277631614637, 0.0019148941880133264, 1.761281985474555e-06, -0.0013183284337293323, 0.0005831893958949083, -0.0003034012987989973, 0.0014484446614100167, 0.0004336547384015385, -0.0009565657707376671, 0.00038219831295660046, -0.0001107968240065934, 0.0003207198732226708], [-0.00018373295224138994, 0.0002661305809132524, 0.0004060594426370594, -9.87408185923309e-05, 0.0008228975812963184, 0.0002604249829236829, -0.0010381615337670665, 0.0002944582158290678, -2.35241544338083e-05, 0.0006260606037156216, -0.0003938992907292239, 0.0005762945010389942, -0.00047440500554249963, 0.00033071406733856156, 5.682370760116456e-07, 0.0004580328176071204, 0.0007651816296329707, 0.0006662636754269436, -0.00036336375547777947, -0.0010627044444131524, -0.008414135188716285, 0.0077197842744244636, -0.004295593907398669, 0.0019148941880133264, 0.007324097429147176, -0.00037541731778359584, 0.00027027113737401005, -0.00023921190023733454, 8.118325430918272e-05, 0.00019501305063409182, 0.00037069057026651496, -0.0005177955449634612, 0.00033896588272216467, 6.224055076062847e-05, -0.0008307556452112665], [0.00035372546570308004, -0.00010386961025328025, -0.000162036231136392, 4.513159728553094e-05, -0.000674174063761711, -0.00014303287978946423, 0.0007821464132533939, -0.000338684275163699, 0.00044940975558535866, -0.0006862194071816814, 0.0001970049057893188, -0.0002334076312774701, 6.461880239216365e-05, -6.344414948462699e-05, -0.0002958034930192564, -0.0005597006894474129, -0.000344929407755587, 8.519474745698195e-05, -0.0005601021083241404, 0.0009746120349089136, -0.00013230789184856756, 6.764593159344231e-06, 8.898044980927403e-06, 1.761281985474555e-06, -0.00037541731778359584, 0.00903755669246722, -0.0076006043519920375, -0.00044968677535157296, -0.0009996259840692051, 0.0019164618385252867, 0.0001306526775943616, -2.5108577950523625e-05, -0.0002426762487087063, -0.00012072065536196459, 0.0007256070194639559], [-6.74273067350383e-05, 6.611062554569446e-05, -0.00024114834153692838, 2.175704067508679e-05, 0.0006038206207030095, 0.0006356510927956178, -0.0007475206938668432, -0.0006437531840616052, 0.0007011585792584182, -0.0005958412211305392, -0.00034721795553948633, -2.5787696632164998e-05, -0.00022400177385910298, 0.0008313084316001664, -4.138409120198999e-05, -0.0005382962633723194, -0.0011793725188025653, 0.0017407395792319786, -0.0014846397149944196, 0.004168471349348844, 0.0018760143609993611, -0.001303403551421719, 0.001558507759592333, -0.0013183284337293323, 0.00027027113737401005, -0.0076006043519920375, 0.035838448905078035, -0.014746860087625149, 0.007278980596456139, -0.030105905062458565, -0.0006253957096154601, 0.001524134309582413, -0.0003535794214184664, 0.00028539553013387037, -0.0015993723966259501], [-1.1139352926021557e-05, -0.00015877496319115694, -5.006375184531846e-05, -3.605731880525468e-05, -0.0006313640509260468, -0.0004618968081646792, 0.0008855974389150206, 0.00023895379184580594, -0.0007869509981165072, 0.000219179351030964, 0.0004499652757551423, -0.0003338268700246538, 0.0005506387072964747, -0.0006246320628162475, 0.00017343727174653833, 0.00030719331719911093, 9.3689963472086e-06, -0.0015605289753237443, 0.0016938331357286768, -0.0020107892702583693, -0.00012918473678402316, 8.417567863383173e-05, -0.0007019047153030753, 0.0005831893958949083, -0.00023921190023733454, -0.00044968677535157296, -0.014746860087625149, 0.013513757880010479, -0.002057193818788761, 0.009362685886135647, -0.00042191033058028337, -0.00017421213307451663, 0.00020631793675454313, -0.00017189060980326594, 0.0010441806599042686], [6.118178605193456e-05, -4.7440603775832296e-05, 4.593123622585788e-05, 1.6094833224245885e-05, -2.7126755970183656e-05, 0.00020615974944014528, 8.033049232499763e-06, -0.0002792202304666693, 0.00016008757309302041, -0.000277408745869837, -6.195697761506558e-05, -5.029280916232287e-05, 2.7962145040202692e-05, 0.00019222262360060348, -5.296904177749858e-05, -0.0003187511800210417, -0.0003687358227441653, 0.0003782345753684979, -0.0003551585706231824, 0.0009943643319626167, 0.0004565240951433034, -0.00034440175909914654, 0.00023324915737378215, -0.0003034012987989973, 8.118325430918272e-05, -0.0009996259840692051, 0.007278980596456139, -0.002057193818788761, 0.002975215760347944, -0.006758987614065339, -0.0003223364492093547, 0.0004160853805379682, -0.00013039303987163824, 9.170794241146238e-05, -0.00012831724126225995], [-0.00042646837542286754, 0.0004025206276827333, 0.000539644222561431, 3.8924560416362644e-05, 0.00032478435006391384, -0.0002936696186050839, -0.0008157630509550062, 0.0011423756217437693, -0.0006697976308307106, 0.0018853760178514955, -0.0002797487037628873, 0.000860595761077835, -0.0005199635944904201, -0.0004900791835191637, 9.760869630590586e-05, 0.001350627263578034, 0.0023436609676857605, -0.0012622138694660036, 0.0007683029556886049, -0.006924353246937879, -0.002770718710418534, 0.0019474303332078537, -0.0018835375217614407, 0.0014484446614100167, 0.00019501305063409182, 0.0019164618385252867, -0.030105905062458565, 0.009362685886135647, -0.006758987614065339, 0.04643743107768351, 0.0011106643334585454, -0.0022660830976231647, 0.0004334576916943482, 9.80061633829588e-05, 0.0011170834037257942], [-0.00016058903422227195, 0.0003144901907904602, 0.00030098142771189755, -4.738921600259794e-05, 0.0007993462671887252, 6.576939640939274e-05, -0.00106829422822017, 0.0005291449231333952, 0.00017248807591067523, 0.0007400411688618536, -0.00039931880757085894, 0.0006672155281731497, -0.0006640558941524204, 0.00017504403308453166, -5.2576390849586385e-05, 0.0005863230168947951, 0.001268172863932054, 0.0005626437151312653, -0.0006211332150384793, -0.0016701536691354618, -0.001485940996509065, 0.0011577443902116961, -0.00046617056882319847, 0.0004336547384015385, 0.00037069057026651496, 0.0001306526775943616, -0.0006253957096154601, -0.00042191033058028337, -0.0003223364492093547, 0.0011106643334585454, 0.012559628807212177, -0.012896508038067288, 0.0032887925860816615, -0.0001941064572744219, -0.006579861586254274], [0.00028343737139468876, -0.0003817430844528759, -0.0005452206277606873, 7.251221904404709e-05, -0.0007986003088256876, 4.818314887658661e-05, 0.0011328251882943828, -0.0008615377253371808, 0.00027496311975728534, -0.001322036088409629, 0.00039682445896398324, -0.0008520279146387943, 0.0006512434209120028, 5.2184993423972404e-05, -2.5808418402228107e-05, -0.0010142729761651416, -0.0018790306340999185, 9.302889251958904e-05, -6.806751567111521e-05, 0.004056341453601414, 0.0022162368430104925, -0.0016989432465042231, 0.0012357504704382264, -0.0009565657707376671, -0.0005177955449634612, -2.5108577950523625e-05, 0.001524134309582413, -0.00017421213307451663, 0.0004160853805379682, -0.0022660830976231647, -0.012896508038067288, 0.019455589435724476, -0.005809344737138923, 0.00015916130019763897, 0.0014294006098714046], [-0.0001473238976076278, 0.00020804675561748894, 0.00013271425675011596, -0.0001164643703778355, 0.0004088357621050988, -0.00010469501452336691, -0.0004435721610523352, 0.0003914059114587781, -0.00025704912116898947, 0.0005768364231697237, -7.663790947093894e-05, 0.0003057817197523706, -0.00021355273753586332, -1.0710515067087545e-06, 3.8434833714120295e-05, 0.0006059671132589033, 0.0005840325138529804, -7.15137773908876e-05, 0.00034240952292629505, -0.0014534684497953681, -0.0006718980492317079, 0.0006318215351706131, -0.00047163598369528244, 0.00038219831295660046, 0.00033896588272216467, -0.0002426762487087063, -0.0003535794214184664, 0.00020631793675454313, -0.00013039303987163824, 0.0004334576916943482, 0.0032887925860816615, -0.005809344737138923, 0.0044747323032212575, -0.0011633229957211091, -0.003968781401467884], [-8.219392307944605e-05, -1.76117792493512e-05, 0.0001397593317248541, 5.853980147743359e-05, 0.00017451453948606215, 0.00019403189616763126, -0.0003030409730386718, -1.0012910160708033e-05, 1.86300522287171e-05, 0.00011768809851746672, -0.00016361674441277017, 0.0001011518933153251, -6.0691393529410595e-05, 8.133522403802397e-05, 6.448202758148211e-05, -6.288823240323282e-05, 0.00013346310314892308, 0.00014532032198069734, -0.00019032403505732555, -0.0001290788170830126, 3.433569027525375e-05, -8.17361853237321e-05, 6.842300600119598e-05, -0.0001107968240065934, 6.224055076062847e-05, -0.00012072065536196459, 0.00028539553013387037, -0.00017189060980326594, 9.170794241146238e-05, 9.80061633829588e-05, -0.0001941064572744219, 0.00015916130019763897, -0.0011633229957211091, 0.0018281175430669245, -0.0009170446108510186], [0.0002953474799963809, -0.0003513676199234616, -0.00026620782063760325, 0.00013675916804551698, -0.001504700057506304, -0.00046461759701251843, 0.0017445425560000726, -0.0002804776264478929, -0.00027295158878859856, -0.000551046816559955, 0.0006063604992121627, -0.0006789241027299715, 0.000719948654341813, -0.0006930023223981626, -7.572289844647616e-05, -0.0005065833952074938, -0.0005867585628923022, -0.001579291352611679, 0.0009665218515527263, -0.0008508871834504014, 0.0002125538803898512, -0.00039537252825571105, -0.0004206212427994276, 0.0003207198732226708, -0.0008307556452112665, 0.0007256070194639559, -0.0015993723966259501, 0.0010441806599042686, -0.00012831724126225995, 0.0011170834037257942, -0.006579861586254274, 0.0014294006098714046, -0.003968781401467884, -0.0009170446108510186, 0.023677001585866886]]}, "num_joints": 7, "basis": {"params": [-1.3862943611198906, 0.25, 0.5, 0.75], "conf": [{"type": "sqexp", "conf": {"dim": 3}, "nparams": 4}, {"type": "poly", "conf": {"order": 1}, "nparams": 0}]}}