{"model": {"mu_w": [-0.07131839267646752, 0.09720015297647677, 0.0012273317065214318, -0.6735450881766064, 0.21708833960143073, 0.09030100529074757, -0.024414295710276413, -0.02265119521609507, 0.8793119593633342, -0.4133887713376948, -0.043958460613425725, 0.0249155001296247, -0.02941356256410641, 0.07947893405626731, 0.07753457165624236, -0.035975571854443576, 0.28741906287044255, 0.03218605163086776, 1.1965789816726284, 0.3115995071906608, 0.02718401648598944, -0.039636809605383405, -0.010013113378987025, -0.267701950701145, -0.01733965322275569, -0.021741883533066993, -0.017505927160125757, 0.011518002089695422, -0.5439926933165494, 0.0973070950003901, 0.37847042931759184, 0.5288173685181842, -0.46527598544903576, 1.3813009817604598, -2.674331583025617], "Sigma_y": [[1.931958271545475e-05, 0.0, 0.0, 0.0, 0.0, 0.0, 0.0], [0.0, 1.541345138325604e-05, 0.0, 0.0, 0.0, 0.0, 0.0], [0.0, 0.0, 3.886499169505867e-06, 0.0, 0.0, 0.0, 0.0], [0.0, 0.0, 0.0, 5.8962375985613305e-05, 0.0, 0.0, 0.0], [0.0, 0.0, 0.0, 0.0, 3.462691661532419e-05, 0.0, 0.0], [0.0, 0.0, 0.0, 0.0, 0.0, 2.6220658858102024e-05, 0.0], [0.0, 0.0, 0.0, 0.0, 0.0, 0.0, 0.0010542379685751706]], "Sigma_w": [[0.0005513500852363385, 0.0001352387311155609, 5.979189961569558e-05, -5.274291386991248e-05, 0.0002564451214828311, -8.41778494778151e-06, -3.719988830876582e-05, 2.456346893453297e-05, 4.4599430319658275e-05, -2.1952026348808934e-05, -1.614250971757085e-05, 8.937812206255722e-06, -2.8783510373967523e-06, -4.568885927385586e-05, 8.667156017958342e-06, 6.831272997622967e-05, 4.576367496690318e-05, -5.268445109408692e-05, -0.00013723202870894488, 6.663592799323197e-05, 9.433407501992816e-05, -2.2956262390035574e-05, -3.963915996648704e-06, -5.267313273025202e-05, 5.353676099990401e-05, -2.6420930346406262e-05, 3.1514832119854187e-06, -1.5063925632903906e-05, 5.02187271392233e-05, 6.607976290981238e-05, -9.093607735872687e-05, -0.000105875893667552, -0.0005782822007608614, 6.488322853402118e-05, 0.0003680453353795428], [0.0001352387311155609, 0.0019898482218111465, -0.0015346275787953213, -0.0019037405277387836, 0.0012432519281539002, -3.1895277941898906e-05, -0.0001573993682293306, -1.973652165148928e-05, -0.00018121672112216775, 2.84387576757195e-05, -3.605372026679674e-05, 2.8471872466752228e-05, -2.0641598419297484e-05, 5.623746815304028e-05, 2.6131400311855002e-05, 0.0003158720081022253, 0.00011674146347376017, -0.00010235439601275532, 0.0002939965588650169, 0.00019148885997225413, 0.00021317075167479196, -8.615201824011516e-05, 8.710740068104333e-06, -5.377354637817628e-06, 0.00025208040851698626, -0.0001719030287218369, 1.953389082673738e-05, -7.255513991972727e-05, -0.00010132867270362695, -0.00011101416243006177, 0.000685285586245263, 0.0004097711215215981, -0.0009195755054675906, -0.0006695724964665477, 0.001046507156829562], [5.979189961569558e-05, -0.0015346275787953213, 0.001741432654072184, 0.001566593147427765, -0.0013073177507028576, 4.428533091146754e-06, 0.00015075754944431977, 1.959896931163776e-05, 5.21602760709019e-05, -6.073503099946938e-05, 1.903590842363912e-05, -1.5070831418379977e-05, 5.885078643432967e-05, -0.00012352815211188044, -2.3024342513222197e-05, -0.00018629463117688443, -0.00010862198876602911, 2.080696409036495e-05, -4.6323832408241196e-05, -0.000101572391108107, -7.517355435590026e-05, 7.623929978284746e-05, 6.742278208124905e-05, 8.444019801709679e-05, -0.0003112223203910891, 8.958691939601234e-05, 4.9745308146511765e-05, 8.192094156668249e-05, 4.557129625927043e-05, 4.427700624995493e-05, -0.0007681582194730248, -0.0005697599122678256, 0.0004767979620868626, 0.0005899936124675141, -0.0006683158945200406], [-5.274291386991248e-05, -0.0019037405277387836, 0.001566593147427765, 0.002648571797472744, -0.0008577094489771325, 1.974033517253468e-05, 0.00017654715916481394, 3.0001248518828634e-05, 0.000249144095067954, -1.6301715076890623e-05, 4.552991117430251e-05, -5.2387208842906915e-05, 1.0931808004869224e-05, -8.761806360582829e-05, -3.231670158308909e-05, -0.000352500151615316, -0.00011171540943545655, 7.299311354875041e-05, -0.0004329481247401576, -0.0002285770744756088, -0.00028778255741724614, 0.00011798624330478632, 8.903408086912782e-06, 8.415275400401476e-05, -0.00026927051283822, 0.00030843100504938134, -9.617540704059881e-05, 7.642389270779962e-05, 0.0001006937395853665, 0.00024501983759178767, -0.0010673437560230461, -0.0004394708898557553, 0.00045427196689522113, 0.0008954917214237566, -0.0010568062884705053], [0.0002564451214828311, 0.0012432519281539002, -0.0013073177507028576, -0.0008577094489771325, 0.0018250816819525546, -1.7889876922392842e-05, -0.00010916662229737111, 1.858577957242001e-05, 4.4153198670011244e-05, 3.0780152514896254e-05, -6.22189766873308e-06, -3.638892562248079e-06, -2.6699037614836975e-05, 5.853184638333581e-05, -2.0240587399301955e-05, 0.00011182164798982586, 8.907976685763782e-05, 4.9009435532938414e-05, -0.0001373294250709614, -1.1689866829728615e-05, 6.837183757491304e-05, -6.587943016600819e-05, -8.959332507993432e-05, -4.418193972496527e-05, 0.0002910160308520963, 2.9249085379945963e-05, -6.182297458071484e-05, -5.6265677420893215e-05, -2.034356288160779e-05, 7.925120696596046e-05, 0.0005504559779404577, 0.0004796337277466611, -0.0006948627306504708, -0.00047869082268054417, 0.0007397037796659634], [-8.41778494778151e-06, -3.1895277941898906e-05, 4.428533091146754e-06, 1.974033517253468e-05, -1.7889876922392842e-05, 0.0007111762191750054, -0.000249194238395732, 0.0001699955074297554, 0.0012819089536089366, 0.0006023383827471749, -4.596246431542049e-06, 4.046483147771691e-06, -4.423826603318557e-05, 0.00010438449368873834, -1.9576460693471632e-05, -0.00012420484372378058, 2.814639995100857e-05, -4.996194747349952e-05, -0.0002708200866488414, 1.8936804215674916e-05, -8.703758254878964e-05, 3.4298572159725735e-05, -1.6399925044901014e-05, -0.00011786913511717394, -3.114760387993631e-05, 4.7775497784177196e-05, -4.52655011310529e-05, 4.033509395542686e-05, 9.725696914919089e-05, -1.3648402423369642e-05, -2.3722951273802806e-05, 2.719375995438909e-05, 0.00041083585772355306, 8.163850583182901e-05, -0.0003329998359661038], [-3.719988830876582e-05, -0.0001573993682293306, 0.00015075754944431977, 0.00017654715916481394, -0.00010916662229737111, -0.000249194238395732, 0.0028657450366975858, -1.762156242089468e-05, -6.616242966225044e-06, -0.0008691822395030194, 5.96865501395862e-05, -4.557810550463931e-05, 0.00010835229123423537, -0.00014673400799963975, -5.6429951004128004e-05, -0.00028616471084384315, -0.00021315572826116833, 0.0002186459516952143, 0.00017011854895563372, -0.0003218910466597607, -0.00018859919914800634, 9.058636789542462e-05, 4.133791598284351e-05, 0.00024266956170664516, -0.0003568934124357137, 0.00018735015157396868, 5.8740496952894346e-05, 9.136564088529093e-05, -6.769533999934154e-05, 4.118325617044258e-05, -0.0006604174881001948, -0.00042016307389447185, 0.001098190878505243, 0.00047505836004050716, -0.0010245032616024974], [2.456346893453297e-05, -1.973652165148928e-05, 1.959896931163776e-05, 3.0001248518828634e-05, 1.858577957242001e-05, 0.0001699955074297554, -1.762156242089468e-05, 0.0005011081839120171, 0.0010423467675523682, -3.423823313404547e-05, -2.787965381203471e-06, -9.252739304096291e-07, 6.1902949873294284e-06, -7.518997538247786e-07, -3.6617439099166e-05, -6.294964080691927e-05, 1.5110010980408663e-05, 1.0079827332378408e-06, -0.00021555654866523325, -2.6518627941757032e-05, 1.4352972434023346e-05, 9.273023141046892e-06, -1.5645988485091848e-05, -4.735646548745977e-05, -1.6202259832858268e-05, 5.47708818313786e-05, -3.55654224660662e-06, 3.4533048109467415e-05, 6.50570709831815e-05, 4.7855495362371316e-05, -8.617329648728988e-05, -7.055151777768383e-05, -5.879863444933643e-05, 4.287286546575552e-05, 5.2978904237271844e-05], [4.4599430319658275e-05, -0.00018121672112216775, 5.21602760709019e-05, 0.000249144095067954, 4.4153198670011244e-05, 0.0012819089536089366, -6.616242966225044e-06, 0.0010423467675523682, 0.008885720569058944, 0.0010772263744648028, 3.5564369522233064e-05, -5.676176326552932e-05, -0.0001757310307539475, 0.00012570170591615635, -1.5108699228663112e-05, -0.0005290952195304959, 7.044030398951258e-05, 8.182224723163004e-05, -0.0016771525244475137, -0.0002171242395147823, -0.00046534690944557825, 8.052100121019314e-05, -0.0002475925685556294, -0.0003996473653621511, 0.00016286042190468068, 0.0004693160463732069, -0.0003563917971833856, -8.824522462949193e-07, 0.0004402320005880733, 0.0005813455467454652, -0.0007814560967737563, 2.72310157917708e-05, 0.00014436332411154294, 0.0011008742983123906, -0.0010689795167983958], [-2.1952026348808934e-05, 2.84387576757195e-05, -6.073503099946938e-05, -1.6301715076890623e-05, 3.0780152514896254e-05, 0.0006023383827471749, -0.0008691822395030194, -3.423823313404547e-05, 0.0010772263744648028, 0.001252395324084993, -9.307744171326821e-06, -3.6830909587909706e-07, -8.637389138240728e-05, 0.00016530838625866985, -1.4867714187100544e-06, -6.15729442031886e-05, 7.646011700508484e-05, -0.00011257880614566273, -0.00025820262537521225, 7.498322851948725e-05, -0.00012213928966339798, 3.16566804275982e-05, -1.2200505952296505e-05, -0.00010035514376252283, 6.256428314237697e-05, 6.896677243800214e-05, -0.00011410650636994452, 9.873665094505805e-06, 6.371935081562971e-05, -6.561902536560226e-07, 7.399173921138965e-05, 0.0002617468431756931, 6.577517946189566e-05, -3.0838252452245013e-05, -0.0001735155508102683], [-1.614250971757085e-05, -3.605372026679674e-05, 1.903590842363912e-05, 4.552991117430251e-05, -6.22189766873308e-06, -4.596246431542049e-06, 5.96865501395862e-05, -2.787965381203471e-06, 3.5564369522233064e-05, -9.307744171326821e-06, 0.00035360962787006693, -0.00021219981957774648, 0.00017540029244650485, -0.000172345305264626, -0.0001705796969699776, -9.839606279177656e-05, -5.514350560421214e-05, 0.00010600202220470329, -1.9414034602546486e-05, -0.0001279633669251682, -9.127207280751984e-05, 1.6148310222642302e-05, -2.772326338359569e-05, 4.7955722021823485e-05, -3.2082278363011375e-05, 7.989084924361756e-05, -1.4494614926980408e-05, 7.519965906626915e-06, -1.6740439388770518e-05, 4.402995246776487e-05, -6.057486738067369e-05, 1.9909228780011542e-05, 0.0003587208006423991, 8.02713811304004e-05, -0.0003071766395613548], [8.937812206255722e-06, 2.8471872466752228e-05, -1.5070831418379977e-05, -5.2387208842906915e-05, -3.638892562248079e-06, 4.046483147771691e-06, -4.557810550463931e-05, -9.252739304096291e-07, -5.676176326552932e-05, -3.6830909587909706e-07, -0.00021219981957774648, 0.00032165690385649683, -2.521976720374153e-05, 0.00018204551480059328, 0.00010270996330130017, 8.554219392144055e-05, 3.412928485807426e-05, -5.918957947899995e-05, 8.155826357705473e-05, 9.595697593311399e-05, 9.55060880423849e-05, -2.2777505211519076e-05, 1.5973816112463343e-05, -4.770126425810035e-05, 2.561368123454661e-05, -0.00010037393143360777, 4.070299404336931e-05, -4.7662559929888585e-06, 3.2631551164554007e-06, -7.87436070696437e-05, 0.00017844735819607613, -1.3879897647962925e-06, -0.00010893774084249737, -0.00015361702181231, 0.00024458747086543057], [-2.8783510373967523e-06, -2.0641598419297484e-05, 5.885078643432967e-05, 1.0931808004869224e-05, -2.6699037614836975e-05, -4.423826603318557e-05, 0.00010835229123423537, 6.1902949873294284e-06, -0.0001757310307539475, -8.637389138240728e-05, 0.00017540029244650485, -2.521976720374153e-05, 0.001486362348729493, -0.001347421332742998, -0.0006704569417236118, 4.1225530150857795e-06, -0.00011013042587115613, 0.00013333749727608443, 0.00044374531929430654, -0.00013392522622337726, 0.00011325258316379508, -1.15332942285219e-06, 5.3755313783389086e-05, 0.00018799159233497736, -0.00017550232144672684, -3.541240128524191e-05, 0.00015796355408953367, 5.944552943293145e-05, -0.00012551569393263003, -0.00012269622279756934, 5.127629112626403e-05, -0.00019901884151407717, 0.00040331995530864406, -0.0002249405198949052, 6.403452105847083e-05], [-4.568885927385586e-05, 5.623746815304028e-05, -0.00012352815211188044, -8.761806360582829e-05, 5.853184638333581e-05, 0.00010438449368873834, -0.00014673400799963975, -7.518997538247786e-07, 0.00012570170591615635, 0.00016530838625866985, -0.000172345305264626, 0.00018204551480059328, -0.001347421332742998, 0.003798882650809815, -0.0003907741106446468, -0.00011328932814868325, 0.00011468606613465298, -7.175850783052061e-05, -0.0003445597130866288, 7.341635645237351e-05, -0.00013966839826533468, 1.2384321591780146e-05, -8.132421256456141e-05, -0.0002487085123227931, 0.00016523928421187883, 2.5567351679827096e-05, -0.00011400304428263401, 2.549563914944478e-05, 0.00010052259859761753, -0.00012844842185813645, 0.0007251516188855742, 0.0006178989343209632, 0.0007622446078380187, -0.00046903903078447055, -0.00023508724314925128], [8.667156017958342e-06, 2.6131400311855002e-05, -2.3024342513222197e-05, -3.231670158308909e-05, -2.0240587399301955e-05, -1.9576460693471632e-05, -5.6429951004128004e-05, -3.6617439099166e-05, -1.5108699228663112e-05, -1.4867714187100544e-06, -0.0001705796969699776, 0.00010270996330130017, -0.0006704569417236118, -0.0003907741106446468, 0.001277771714083838, 0.00015562669330710166, 5.076937612543698e-05, -0.00010266437776732348, -1.471886840520267e-06, 0.00015742816722677646, 1.6996261834958284e-05, -3.418286412439076e-05, 6.093626566033981e-07, -5.358469704011765e-05, 0.00012520178567058718, -9.931365476493569e-05, -5.3067238743209174e-05, -0.00010156671687478899, 1.3127693390651726e-05, 7.56748549370118e-05, -0.00013269304601407203, -3.0623734594343045e-05, -0.00067399627716006, 0.00025387426675384527, 0.00016662967999574798], [6.831272997622967e-05, 0.0003158720081022253, -0.00018629463117688443, -0.000352500151615316, 0.00011182164798982586, -0.00012420484372378058, -0.00028616471084384315, -6.294964080691927e-05, -0.0005290952195304959, -6.15729442031886e-05, -9.839606279177656e-05, 8.554219392144055e-05, 4.1225530150857795e-06, -0.00011328932814868325, 0.00015562669330710166, 0.00979999349977976, 0.002366106041560868, -0.0035763387965262326, 0.010303908401404572, 0.006406343385656418, 0.0006448523255078599, -0.00021186265623863185, 0.00011632340550742047, 3.625988466155002e-05, 0.0004111546315276798, -0.0005778867463414431, 0.0001631199894448537, -0.00020561990606099268, -0.00022745400957812766, -0.00023425080158378804, 0.0009046508655206031, 0.00022255562463920436, -0.002607549010134317, -0.0009346994229641201, 0.002431183320365892], [4.576367496690318e-05, 0.00011674146347376017, -0.00010862198876602911, -0.00011171540943545655, 8.907976685763782e-05, 2.814639995100857e-05, -0.00021315572826116833, 1.5110010980408663e-05, 7.044030398951258e-05, 7.646011700508484e-05, -5.514350560421214e-05, 3.412928485807426e-05, -0.00011013042587115613, 0.00011468606613465298, 5.076937612543698e-05, 0.002366106041560868, 0.002344281865784041, -0.0028604187380443305, -0.0034844470928929636, 0.0034028658726166475, 0.0001316437398944967, -5.223231506101715e-05, -1.5225349410846181e-05, -0.0002187353756808732, 0.0002675552536622838, -0.00010406470772373458, -9.033178621353326e-05, -6.512549950497963e-05, 0.00010713497217961548, 3.539305096276356e-05, 0.0002519851327055085, 0.00023723233467139296, -0.0012046329089447202, -0.00017417833741037217, 0.0008257825705860566], [-5.268445109408692e-05, -0.00010235439601275532, 2.080696409036495e-05, 7.299311354875041e-05, 4.9009435532938414e-05, -4.996194747349952e-05, 0.0002186459516952143, 1.0079827332378408e-06, 8.182224723163004e-05, -0.00011257880614566273, 0.00010600202220470329, -5.918957947899995e-05, 0.00013333749727608443, -7.175850783052061e-05, -0.00010266437776732348, -0.0035763387965262326, -0.0028604187380443305, 0.008504030481166817, 0.0011010937854171526, -0.0076467292841183145, -0.00018574092266340281, -6.344327767318528e-05, -0.00027805450360132857, 0.00010073923610123076, 0.00012421936539808317, 0.00016789844902643969, 7.952685651873599e-05, -2.2016594800779804e-05, -0.0001235350969581068, 8.284802591932229e-05, 0.0009127693601708878, 0.00046509633088766337, 0.0020233224002488307, -0.0004654643209990532, -0.000713209221671224], [-0.00013723202870894488, 0.0002939965588650169, -4.6323832408241196e-05, -0.0004329481247401576, -0.0001373294250709614, -0.0002708200866488414, 0.00017011854895563372, -0.00021555654866523325, -0.0016771525244475137, -0.00025820262537521225, -1.9414034602546486e-05, 8.155826357705473e-05, 0.00044374531929430654, -0.0003445597130866288, -1.471886840520267e-06, 0.010303908401404572, -0.0034844470928929636, 0.0011010937854171526, 0.041501736017438055, 0.0017286507336294805, 0.0008226666904006763, -0.00014049204696789505, 0.00048466127799228056, 0.0010081513410028363, -0.00047394397935631593, -0.000867681708876564, 0.0007836057485240218, 2.3718063965353294e-05, -0.0010180502911288885, -0.001194715547223708, 0.0015521355638434375, -9.905818964200311e-05, 0.0006819166272319581, -0.0022001661946147253, 0.0015537288575332461], [6.663592799323197e-05, 0.00019148885997225413, -0.000101572391108107, -0.0002285770744756088, -1.1689866829728615e-05, 1.8936804215674916e-05, -0.0003218910466597607, -2.6518627941757032e-05, -0.0002171242395147823, 7.498322851948725e-05, -0.0001279633669251682, 9.595697593311399e-05, -0.00013392522622337726, 7.341635645237351e-05, 0.00015742816722677646, 0.006406343385656418, 0.0034028658726166475, -0.0076467292841183145, 0.0017286507336294805, 0.008868920008139108, 0.0004009559841668604, -6.126464185591788e-05, 0.00019969298151649862, -0.00021796875559462379, 0.00014895604585177382, -0.0004316466234933905, 7.2909377281440875e-06, -8.491850263791343e-05, 7.489012554781057e-05, -0.00019111536274017457, -5.064815128581682e-05, -0.00018561195183357932, -0.0022304916582800874, -7.831134962718837e-05, 0.0014203454504125356], [9.433407501992816e-05, 0.00021317075167479196, -7.517355435590026e-05, -0.00028778255741724614, 6.837183757491304e-05, -8.703758254878964e-05, -0.00018859919914800634, 1.4352972434023346e-05, -0.00046534690944557825, -0.00012213928966339798, -9.127207280751984e-05, 9.55060880423849e-05, 0.00011325258316379508, -0.00013966839826533468, 1.6996261834958284e-05, 0.0006448523255078599, 0.0001316437398944967, -0.00018574092266340281, 0.0008226666904006763, 0.0004009559841668604, 0.008224811025724072, -0.002011529616777517, 0.0012555175742884285, -3.770154384826269e-05, 0.0018698000665525844, -0.0005415755664804446, 0.00032292961085875053, -4.9523291015455196e-05, -0.00014880290892521842, -0.00035028511323714854, 0.0009530582650810473, -0.00010084063515363892, -0.001550882326513794, -0.001078446119167803, 0.002185652714021453], [-2.2956262390035574e-05, -8.615201824011516e-05, 7.623929978284746e-05, 0.00011798624330478632, -6.587943016600819e-05, 3.4298572159725735e-05, 9.058636789542462e-05, 9.273023141046892e-06, 8.052100121019314e-05, 3.16566804275982e-05, 1.6148310222642302e-05, -2.2777505211519076e-05, -1.15332942285219e-06, 1.2384321591780146e-05, -3.418286412439076e-05, -0.00021186265623863185, -5.223231506101715e-05, -6.344327767318528e-05, -0.00014049204696789505, -6.126464185591788e-05, -0.002011529616777517, 0.001263706749746823, 0.0008176233379285271, 0.0008722785584566437, -0.0028655645798665156, 0.00017086382753750079, -4.926413405071772e-05, 9.078819790784515e-05, 3.999656133624196e-05, 3.210655433191519e-05, -0.00066755919101941, -0.00026464650044718424, 0.0004324950998293474, 0.00045250322098173366, -0.0007230527510927867], [-3.963915996648704e-06, 8.710740068104333e-06, 6.742278208124905e-05, 8.903408086912782e-06, -8.959332507993432e-05, -1.6399925044901014e-05, 4.133791598284351e-05, -1.5645988485091848e-05, -0.0002475925685556294, -1.2200505952296505e-05, -2.772326338359569e-05, 1.5973816112463343e-05, 5.3755313783389086e-05, -8.132421256456141e-05, 6.093626566033981e-07, 0.00011632340550742047, -1.5225349410846181e-05, -0.00027805450360132857, 0.00048466127799228056, 0.00019969298151649862, 0.0012555175742884285, 0.0008176233379285271, 0.0027896212025772383, 0.0024229309015460563, -0.0038342963643255576, -7.133442607122883e-05, 9.344877429578975e-05, 8.766014976026571e-05, -9.630143607569191e-05, -0.00017642969910779246, -0.0006714083010526432, -0.0004991372299820082, -0.00042471514237191714, 0.00018763234464155452, 7.218731997547912e-05], [-5.267313273025202e-05, -5.377354637817628e-06, 8.444019801709679e-05, 8.415275400401476e-05, -4.418193972496527e-05, -0.00011786913511717394, 0.00024266956170664516, -4.735646548745977e-05, -0.0003996473653621511, -0.00010035514376252283, 4.7955722021823485e-05, -4.770126425810035e-05, 0.00018799159233497736, -0.0002487085123227931, -5.358469704011765e-05, 3.625988466155002e-05, -0.0002187353756808732, 0.00010073923610123076, 0.0010081513410028363, -0.00021796875559462379, -3.770154384826269e-05, 0.0008722785584566437, 0.0024229309015460563, 0.006993379243639517, -0.004631720779099513, 0.00010891274124751934, 0.0001367778375756866, 8.059823815809508e-05, -0.00036244056250636403, -0.0001063375327692619, -0.0006505836597486178, -0.000344614426513364, 3.755198720630965e-05, 1.6902390460579754e-05, -0.00017710413697801726], [5.353676099990401e-05, 0.00025208040851698626, -0.0003112223203910891, -0.00026927051283822, 0.0002910160308520963, -3.114760387993631e-05, -0.0003568934124357137, -1.6202259832858268e-05, 0.00016286042190468068, 6.256428314237697e-05, -3.2082278363011375e-05, 2.561368123454661e-05, -0.00017550232144672684, 0.00016523928421187883, 0.00012520178567058718, 0.0004111546315276798, 0.0002675552536622838, 0.00012421936539808317, -0.00047394397935631593, 0.00014895604585177382, 0.0018698000665525844, -0.0028655645798665156, -0.0038342963643255576, -0.004631720779099513, 0.011138428357845533, -0.00019568513943418788, -0.0001830432634762408, -0.00031592615121330296, 6.121061164379263e-05, 0.00022959697667323774, 0.001708397957266809, 0.0012362481759398928, -0.0015951627809227987, -0.0009088774656906213, 0.001653006295333072], [-2.6420930346406262e-05, -0.0001719030287218369, 8.958691939601234e-05, 0.00030843100504938134, 2.9249085379945963e-05, 4.7775497784177196e-05, 0.00018735015157396868, 5.47708818313786e-05, 0.0004693160463732069, 6.896677243800214e-05, 7.989084924361756e-05, -0.00010037393143360777, -3.541240128524191e-05, 2.5567351679827096e-05, -9.931365476493569e-05, -0.0005778867463414431, -0.00010406470772373458, 0.00016789844902643969, -0.000867681708876564, -0.0004316466234933905, -0.0005415755664804446, 0.00017086382753750079, -7.133442607122883e-05, 0.00010891274124751934, -0.00019568513943418788, 0.006971964759443954, -0.003018869932609421, 0.0011774555145060777, 0.0014752813337702265, 0.004773079826897003, -0.0011329495037770056, -5.423801496038892e-05, 0.0005942788728206909, 0.000917690648578259, -0.0013944831857913226], [3.1514832119854187e-06, 1.953389082673738e-05, 4.9745308146511765e-05, -9.617540704059881e-05, -6.182297458071484e-05, -4.52655011310529e-05, 5.8740496952894346e-05, -3.55654224660662e-06, -0.0003563917971833856, -0.00011410650636994452, -1.4494614926980408e-05, 4.070299404336931e-05, 0.00015796355408953367, -0.00011400304428263401, -5.3067238743209174e-05, 0.0001631199894448537, -9.033178621353326e-05, 7.952685651873599e-05, 0.0007836057485240218, 7.2909377281440875e-06, 0.00032292961085875053, -4.926413405071772e-05, 9.344877429578975e-05, 0.0001367778375756866, -0.0001830432634762408, -0.003018869932609421, 0.003420031749078947, 0.0007093007537195389, -0.0017937535788161818, -0.003872646636433583, 0.0004977711566714499, -0.0002488640826485632, 0.0005528807547776523, -0.0006133709747538174, 0.00044640425894603407], [-1.5063925632903906e-05, -7.255513991972727e-05, 8.192094156668249e-05, 7.642389270779962e-05, -5.6265677420893215e-05, 4.033509395542686e-05, 9.136564088529093e-05, 3.4533048109467415e-05, -8.824522462949193e-07, 9.873665094505805e-06, 7.519965906626915e-06, -4.7662559929888585e-06, 5.944552943293145e-05, 2.549563914944478e-05, -0.00010156671687478899, -0.00020561990606099268, -6.512549950497963e-05, -2.2016594800779804e-05, 2.3718063965353294e-05, -8.491850263791343e-05, -4.9523291015455196e-05, 9.078819790784515e-05, 8.766014976026571e-05, 8.059823815809508e-05, -0.00031592615121330296, 0.0011774555145060777, 0.0007093007537195389, 0.0018047629370264713, 0.00016339720115274037, -0.0013414012250642178, -0.00031749813687228606, -0.0002672121867574844, 0.000797870716382355, 5.003072720598736e-05, -0.0004933548867514047], [5.02187271392233e-05, -0.00010132867270362695, 4.557129625927043e-05, 0.0001006937395853665, -2.034356288160779e-05, 9.725696914919089e-05, -6.769533999934154e-05, 6.50570709831815e-05, 0.0004402320005880733, 6.371935081562971e-05, -1.6740439388770518e-05, 3.2631551164554007e-06, -0.00012551569393263003, 0.00010052259859761753, 1.3127693390651726e-05, -0.00022745400957812766, 0.00010713497217961548, -0.0001235350969581068, -0.0010180502911288885, 7.489012554781057e-05, -0.00014880290892521842, 3.999656133624196e-05, -9.630143607569191e-05, -0.00036244056250636403, 6.121061164379263e-05, 0.0014752813337702265, -0.0017937535788161818, 0.00016339720115274037, 0.003844243337228608, 0.002699066800565664, -0.000474722740007347, -0.00017798820924650778, -9.029040220286311e-05, 0.0006699848192774962, -0.00043237988641939496], [6.607976290981238e-05, -0.00011101416243006177, 4.427700624995493e-05, 0.00024501983759178767, 7.925120696596046e-05, -1.3648402423369642e-05, 4.118325617044258e-05, 4.7855495362371316e-05, 0.0005813455467454652, -6.561902536560226e-07, 4.402995246776487e-05, -7.87436070696437e-05, -0.00012269622279756934, -0.00012844842185813645, 7.56748549370118e-05, -0.00023425080158378804, 3.539305096276356e-05, 8.284802591932229e-05, -0.001194715547223708, -0.00019111536274017457, -0.00035028511323714854, 3.210655433191519e-05, -0.00017642969910779246, -0.0001063375327692619, 0.00022959697667323774, 0.004773079826897003, -0.003872646636433583, -0.0013414012250642178, 0.002699066800565664, 0.008246514716182577, -0.001185392365572373, -0.00011789877874779783, -0.0013378079586733246, 0.0012898237102152157, -0.00040396529009468644], [-9.093607735872687e-05, 0.000685285586245263, -0.0007681582194730248, -0.0010673437560230461, 0.0005504559779404577, -2.3722951273802806e-05, -0.0006604174881001948, -8.617329648728988e-05, -0.0007814560967737563, 7.399173921138965e-05, -6.057486738067369e-05, 0.00017844735819607613, 5.127629112626403e-05, 0.0007251516188855742, -0.00013269304601407203, 0.0009046508655206031, 0.0002519851327055085, 0.0009127693601708878, 0.0015521355638434375, -5.064815128581682e-05, 0.0009530582650810473, -0.00066755919101941, -0.0006714083010526432, -0.0006505836597486178, 0.001708397957266809, -0.0011329495037770056, 0.0004977711566714499, -0.00031749813687228606, -0.000474722740007347, -0.001185392365572373, 0.08652399789377782, 0.04024314583234, 0.0276364353766039, -0.06480112369979142, 0.0409129797030579], [-0.000105875893667552, 0.0004097711215215981, -0.0005697599122678256, -0.0004394708898557553, 0.0004796337277466611, 2.719375995438909e-05, -0.00042016307389447185, -7.055151777768383e-05, 2.72310157917708e-05, 0.0002617468431756931, 1.9909228780011542e-05, -1.3879897647962925e-06, -0.00019901884151407717, 0.0006178989343209632, -3.0623734594343045e-05, 0.00022255562463920436, 0.00023723233467139296, 0.00046509633088766337, -9.905818964200311e-05, -0.00018561195183357932, -0.00010084063515363892, -0.00026464650044718424, -0.0004991372299820082, -0.000344614426513364, 0.0012362481759398928, -5.423801496038892e-05, -0.0002488640826485632, -0.0002672121867574844, -0.00017798820924650778, -0.00011789877874779783, 0.04024314583234, 0.030944662256731276, 0.006141326440855869, -0.028196331346993533, 0.014246959479473532], [-0.0005782822007608614, -0.0009195755054675906, 0.0004767979620868626, 0.00045427196689522113, -0.0006948627306504708, 0.00041083585772355306, 0.001098190878505243, -5.879863444933643e-05, 0.00014436332411154294, 6.577517946189566e-05, 0.0003587208006423991, -0.00010893774084249737, 0.00040331995530864406, 0.0007622446078380187, -0.00067399627716006, -0.002607549010134317, -0.0012046329089447202, 0.0020233224002488307, 0.0006819166272319581, -0.0022304916582800874, -0.001550882326513794, 0.0004324950998293474, -0.00042471514237191714, 3.755198720630965e-05, -0.0015951627809227987, 0.0005942788728206909, 0.0005528807547776523, 0.000797870716382355, -9.029040220286311e-05, -0.0013378079586733246, 0.0276364353766039, 0.006141326440855869, 0.1869567789366435, -0.012989605729745267, -0.09812692155982407], [6.488322853402118e-05, -0.0006695724964665477, 0.0005899936124675141, 0.0008954917214237566, -0.00047869082268054417, 8.163850583182901e-05, 0.00047505836004050716, 4.287286546575552e-05, 0.0011008742983123906, -3.0838252452245013e-05, 8.02713811304004e-05, -0.00015361702181231, -0.0002249405198949052, -0.00046903903078447055, 0.00025387426675384527, -0.0009346994229641201, -0.00017417833741037217, -0.0004654643209990532, -0.0022001661946147253, -7.831134962718837e-05, -0.001078446119167803, 0.00045250322098173366, 0.00018763234464155452, 1.6902390460579754e-05, -0.0009088774656906213, 0.000917690648578259, -0.0006133709747538174, 5.003072720598736e-05, 0.0006699848192774962, 0.0012898237102152157, -0.06480112369979142, -0.028196331346993533, -0.012989605729745267, 0.05855149829198391, -0.04288929986371947], [0.0003680453353795428, 0.001046507156829562, -0.0006683158945200406, -0.0010568062884705053, 0.0007397037796659634, -0.0003329998359661038, -0.0010245032616024974, 5.2978904237271844e-05, -0.0010689795167983958, -0.0001735155508102683, -0.0003071766395613548, 0.00024458747086543057, 6.403452105847083e-05, -0.00023508724314925128, 0.00016662967999574798, 0.002431183320365892, 0.0008257825705860566, -0.000713209221671224, 0.0015537288575332461, 0.0014203454504125356, 0.002185652714021453, -0.0007230527510927867, 7.218731997547912e-05, -0.00017710413697801726, 0.001653006295333072, -0.0013944831857913226, 0.00044640425894603407, -0.0004933548867514047, -0.00043237988641939496, -0.00040396529009468644, 0.0409129797030579, 0.014246959479473532, -0.09812692155982407, -0.04288929986371947, 0.10006996928197327]]}, "num_joints": 7, "basis": {"params": [-1.3862943611198906, 0.25, 0.5, 0.75], "conf": [{"type": "sqexp", "conf": {"dim": 3}, "nparams": 4}, {"type": "poly", "conf": {"order": 1}, "nparams": 0}]}}